175
1 174 64
2 241 163
3 74 32
4 47 200
5 238 273
6 15 424
7 106 381
8 202 50
9 214 314
10 143 108
11 76 52
12 383 113
13 288 41
14 50 309
15 263 378
16 385 310
17 14 411
18 366 247
19 313 346
20 258 375
21 300 116
22 354 272
23 436 242
24 153 430
25 214 164
26 434 370
27 41 40
28 348 392
29 326 272
30 118 56
31 331 408
32 54 42
33 311 274
34 169 422
35 285 156
36 412 97
37 398 279
38 42 28
39 281 3
40 123 100
41 149 379
42 32 230
43 45 393
44 436 177
45 259 139
46 255 234
47 292 112
48 266 49
49 22 337
50 354 254
51 84 412
52 216 34
53 362 357
54 414 312
55 260 285
56 250 391
57 34 186
58 58 316
59 262 205
60 343 147
61 11 244
62 267 40
63 97 107
64 54 378
65 8 174
66 96 54
67 40 327
68 131 235
69 9 293
70 4 232
71 402 264
72 283 327
73 322 220
74 299 151
75 315 353
76 165 235
77 311 81
78 134 268
79 257 14
80 368 66
81 419 8
82 400 299
83 299 379
84 91 117
85 203 108
86 416 12
87 68 437
88 329 164
89 347 65
90 316 48
91 186 163
92 92 397
93 245 175
94 160 301
95 116 400
96 435 87
97 84 105
98 368 385
99 374 161
100 283 45
101 281 409
102 27 80
103 113 112
104 277 240
105 299 67
106 139 409
107 233 435
108 98 180
109 225 379
110 49 281
111 245 404
112 400 172
113 260 382
114 166 325
115 309 237
116 331 371
117 147 78
118 19 124
119 322 155
120 79 64
121 191 414
122 74 186
123 20 263
124 380 345
125 194 171
126 335 407
127 296 295
128 137 225
129 226 160
130 11 270
131 178 16
132 116 252
133 180 19
134 379 320
135 350 108
136 254 396
137 60 269
138 394 76
139 62 219
140 303 7
141 210 375
142 182 72
143 203 175
144 198 37
145 26 306
146 356 190
147 320 265
148 3 244
149 352 388
150 94 316
151 101 376
152 337 241
153 225 299
154 127 74
155 433 39
156 27 180
157 23 51
158 290 42
159 276 383
160 297 112
161 249 317
162 111 26
163 53 364
164 26 81
165 8 4
166 187 235
167 232 389
168 155 61
169 238 244
170 199 108
171 241 314
172 203 424
173 378 175
174 411 153
175 211 9
