500
1 1035 238
2 728 1039
3 34 272
4 246 876
5 804 169
6 430 520
7 210 1101
8 1101 1047
9 351 26
10 1043 440
11 194 714
12 868 868
13 154 1232
14 576 301
15 199 32
16 545 362
17 822 1050
18 207 223
19 158 1222
20 264 394
21 612 1238
22 119 1080
23 83 477
24 92 73
25 831 144
26 636 51
27 522 1017
28 982 164
29 1104 909
30 578 1150
31 899 340
32 863 533
33 285 572
34 384 698
35 12 1231
36 251 406
37 251 683
38 876 1151
39 53 120
40 316 102
41 494 50
42 1217 996
43 193 110
44 34 326
45 695 28
46 574 1071
47 1077 293
48 1145 861
49 725 749
50 234 880
51 646 14
52 634 729
53 1157 18
54 1158 601
55 673 882
56 800 128
57 759 609
58 778 186
59 235 139
60 726 1119
61 743 1153
62 756 1085
63 701 1152
64 539 867
65 830 973
66 472 177
67 447 904
68 892 856
69 862 439
70 928 591
71 1041 684
72 176 77
73 1071 921
74 1152 378
75 151 966
76 72 507
77 440 995
78 154 446
79 318 613
80 548 543
81 553 175
82 1146 472
83 68 82
84 851 252
85 22 344
86 957 800
87 974 1081
88 970 405
89 25 485
90 735 76
91 1021 821
92 821 589
93 869 929
94 917 586
95 564 600
96 563 484
97 644 528
98 779 1112
99 842 564
100 890 134
101 723 669
102 1200 886
103 326 684
104 295 415
105 885 30
106 630 326
107 246 92
108 841 156
109 40 1125
110 955 695
111 39 973
112 27 989
113 1038 472
114 827 902
115 761 908
116 434 725
117 542 369
118 147 990
119 855 799
120 414 1027
121 746 614
122 1044 242
123 757 591
124 823 400
125 384 697
126 499 228
127 722 1057
128 491 550
129 238 388
130 1247 75
131 831 864
132 972 249
133 524 1195
134 289 611
135 980 386
136 700 561
137 142 321
138 1117 1229
139 1125 675
140 227 1164
141 53 994
142 1176 818
143 400 216
144 1197 777
145 7 438
146 884 185
147 2 1100
148 421 1167
149 149 1083
150 12 97
151 773 1224
152 372 345
153 626 376
154 1059 1180
155 676 393
156 1051 908
157 312 243
158 1204 1033
159 384 674
160 1210 587
161 752 641
162 765 287
163 952 320
164 736 987
165 784 473
166 145 771
167 713 227
168 941 642
169 467 776
170 1002 107
171 650 441
172 1098 249
173 1206 108
174 118 556
175 567 295
176 509 139
177 1245 929
178 1228 78
179 341 498
180 787 1021
181 1142 703
182 1096 919
183 991 481
184 297 845
185 16 706
186 248 300
187 211 606
188 882 944
189 983 699
190 1238 1194
191 418 787
192 308 126
193 635 790
194 696 406
195 79 747
196 906 296
197 758 482
198 1213 1023
199 507 668
200 128 820
201 1030 815
202 325 176
203 653 1229
204 214 806
205 429 333
206 884 1153
207 913 1227
208 708 805
209 573 256
210 905 1087
211 453 324
212 1219 167
213 1232 247
214 409 749
215 1214 59
216 432 174
217 803 791
218 1090 39
219 1218 409
220 586 999
221 1066 264
222 443 859
223 941 253
224 1082 653
225 1238 620
226 239 873
227 344 445
228 602 1214
229 817 110
230 190 334
231 268 1236
232 605 724
233 1096 125
234 898 258
235 531 1201
236 717 838
237 1089 400
238 114 1210
239 399 725
240 968 1216
241 36 1172
242 1228 1046
243 556 949
244 907 710
245 175 366
246 490 122
247 180 588
248 1023 302
249 332 36
250 865 1042
251 1222 852
252 917 1204
253 696 848
254 8 3
255 136 711
256 400 1199
257 549 598
258 961 798
259 965 761
260 835 783
261 312 906
262 991 1050
263 290 558
264 330 255
265 850 44
266 909 402
267 806 1178
268 541 4
269 1085 1236
270 1075 1059
271 1137 276
272 606 953
273 851 235
274 952 792
275 801 468
276 931 988
277 271 1084
278 463 1244
279 882 44
280 1049 365
281 833 660
282 1086 470
283 368 598
284 204 586
285 16 605
286 267 1050
287 197 399
288 255 1056
289 177 1008
290 245 245
291 788 529
292 145 279
293 797 625
294 988 404
295 502 879
296 83 680
297 92 524
298 475 42
299 154 985
300 263 339
301 57 1041
302 92 318
303 488 78
304 349 625
305 643 444
306 681 510
307 42 326
308 1168 690
309 227 1250
310 645 1237
311 634 474
312 1249 543
313 48 963
314 29 15
315 516 801
316 1248 222
317 79 347
318 159 772
319 278 908
320 92 1122
321 874 698
322 961 1248
323 896 1080
324 599 793
325 527 538
326 308 898
327 476 1104
328 1054 289
329 787 158
330 973 578
331 401 221
332 166 498
333 521 272
334 516 1155
335 132 491
336 796 245
337 962 993
338 213 1141
339 999 573
340 1228 76
341 529 1236
342 949 227
343 327 744
344 404 868
345 687 956
346 198 455
347 193 386
348 983 643
349 1125 45
350 509 746
351 1013 1029
352 55 1226
353 405 1234
354 764 922
355 1 904
356 423 721
357 421 504
358 247 996
359 295 546
360 1035 785
361 678 907
362 1049 551
363 134 872
364 270 18
365 1070 317
366 589 429
367 365 603
368 643 796
369 761 1133
370 1007 1162
371 44 130
372 910 1218
373 803 859
374 621 135
375 641 543
376 769 14
377 528 1104
378 160 965
379 901 463
380 638 493
381 688 776
382 738 894
383 213 1040
384 1004 1208
385 895 1029
386 996 59
387 726 233
388 669 213
389 880 319
390 1183 36
391 421 697
392 511 729
393 571 58
394 800 894
395 826 488
396 950 842
397 863 903
398 917 1242
399 359 1144
400 536 1186
401 669 281
402 971 288
403 488 419
404 232 861
405 1181 501
406 992 484
407 592 433
408 663 240
409 475 1209
410 1229 524
411 463 813
412 877 917
413 919 1244
414 113 945
415 219 486
416 960 497
417 99 1167
418 39 121
419 796 371
420 831 573
421 293 81
422 477 642
423 337 155
424 1220 1196
425 431 812
426 1171 581
427 709 640
428 883 39
429 553 415
430 775 89
431 184 492
432 806 587
433 238 933
434 29 625
435 215 291
436 841 522
437 595 633
438 382 64
439 1108 1118
440 1065 250
441 593 693
442 729 267
443 745 229
444 340 452
445 789 330
446 286 748
447 482 1119
448 265 78
449 666 35
450 308 804
451 558 1052
452 271 1074
453 75 22
454 1227 521
455 392 924
456 1125 477
457 171 1237
458 756 883
459 913 259
460 659 215
461 332 106
462 41 1083
463 512 426
464 483 518
465 899 316
466 874 445
467 1020 716
468 1200 961
469 174 518
470 916 1111
471 464 989
472 344 56
473 66 922
474 707 393
475 182 17
476 607 750
477 141 1205
478 1200 175
479 697 1108
480 652 177
481 809 1090
482 503 626
483 1014 686
484 1000 407
485 334 867
486 759 958
487 478 1080
488 891 129
489 1099 680
490 770 151
491 440 273
492 945 569
493 347 283
494 238 331
495 162 525
496 92 818
497 1106 1161
498 681 769
499 323 1046
500 990 780
