250
1 104 390
2 259 302
3 245 549
4 131 380
5 197 52
6 236 278
7 522 175
8 117 439
9 432 552
10 137 93
11 185 551
12 96 619
13 182 590
14 431 518
15 223 382
16 376 352
17 310 336
18 564 252
19 282 223
20 50 207
21 564 583
22 90 599
23 483 85
24 270 117
25 453 385
26 249 463
27 561 460
28 5 165
29 264 392
30 311 496
31 36 374
32 467 412
33 401 578
34 519 619
35 247 164
36 248 188
37 395 568
38 218 227
39 28 611
40 316 355
41 166 118
42 64 440
43 309 55
44 352 101
45 311 180
46 150 234
47 126 502
48 342 558
49 284 279
50 237 84
51 584 97
52 369 82
53 241 403
54 546 45
55 147 71
56 540 475
57 420 395
58 237 494
59 268 103
60 507 535
61 310 146
62 410 241
63 31 257
64 417 406
65 289 102
66 541 26
67 290 468
68 514 577
69 54 576
70 400 612
71 591 241
72 96 104
73 137 365
74 111 36
75 146 275
76 181 63
77 301 208
78 159 108
79 275 622
80 76 365
81 76 45
82 190 124
83 134 416
84 450 418
85 463 425
86 436 534
87 482 552
88 170 461
89 579 424
90 56 346
91 104 62
92 622 254
93 335 3
94 193 350
95 498 330
96 470 437
97 568 28
98 263 456
99 257 372
100 341 51
101 365 488
102 176 489
103 125 251
104 171 213
105 597 165
106 272 72
107 387 496
108 178 11
109 332 201
110 352 534
111 479 420
112 25 453
113 446 443
114 369 487
115 539 79
116 484 425
117 158 238
118 181 599
119 319 555
120 587 264
121 250 251
122 469 369
123 524 216
124 574 359
125 296 266
126 444 93
127 267 605
128 14 30
129 142 593
130 154 471
131 350 23
132 251 398
133 460 391
134 444 291
135 193 406
136 314 284
137 403 3
138 135 176
139 531 296
140 342 140
141 220 382
142 511 222
143 45 397
144 437 511
145 243 300
146 348 496
147 341 140
148 108 194
149 170 558
150 46 315
151 195 417
152 355 59
153 531 109
154 182 387
155 190 316
156 455 448
157 508 497
158 577 426
159 326 598
160 557 534
161 527 553
162 311 305
163 78 320
164 66 453
165 420 136
166 131 65
167 286 594
168 299 423
169 536 546
170 85 97
171 17 86
172 132 204
173 163 609
174 450 332
175 545 261
176 222 544
177 601 501
178 199 453
179 315 366
180 202 211
181 525 133
182 295 582
183 168 591
184 66 487
185 421 151
186 167 499
187 505 482
188 282 314
189 232 297
190 368 294
191 347 366
192 592 104
193 321 513
194 308 297
195 213 11
196 202 617
197 313 343
198 181 431
199 480 506
200 378 185
201 152 146
202 328 548
203 395 107
204 625 378
205 418 618
206 197 207
207 459 149
208 209 176
209 216 576
210 200 163
211 40 156
212 63 575
213 557 617
214 224 476
215 300 148
216 580 356
217 564 244
218 160 129
219 335 339
220 298 587
221 68 322
222 391 501
223 361 373
224 61 452
225 339 128
226 578 520
227 304 91
228 318 258
229 249 426
230 512 112
231 469 81
232 608 539
233 352 263
234 549 618
235 194 23
236 510 226
237 383 613
238 418 448
239 206 399
240 9 521
241 349 624
242 395 164
243 41 38
244 32 268
245 307 176
246 137 352
247 239 580
248 610 220
249 557 22
250 265 517
