800
1 1823 197
2 1120 48
3 1589 1706
4 1375 258
5 645 37
6 82 1791
7 1710 975
8 189 1323
9 663 1916
10 1619 1671
11 1508 1756
12 1073 303
13 1560 701
14 8 1752
15 998 888
16 329 1929
17 329 531
18 429 1821
19 1184 662
20 159 83
21 123 1782
22 1338 1754
23 498 258
24 223 1953
25 806 33
26 1461 941
27 1625 1771
28 823 1282
29 1643 974
30 1781 505
31 148 257
32 617 1290
33 1010 609
34 239 1226
35 1070 1897
36 1945 152
37 1351 311
38 1970 1340
39 37 1374
40 814 1587
41 221 88
42 124 1230
43 1191 1156
44 1772 1030
45 898 1316
46 1662 199
47 1777 939
48 1639 586
49 580 67
50 1961 425
51 1767 1616
52 1868 215
53 1077 61
54 441 1179
55 628 290
56 15 140
57 1362 530
58 332 1690
59 539 987
60 1332 1287
61 1419 429
62 215 12
63 1775 1328
64 1184 1317
65 1733 664
66 83 347
67 281 188
68 45 1662
69 1212 865
70 1339 1169
71 99 816
72 1051 1467
73 1830 1055
74 518 400
75 1612 537
76 1334 1450
77 60 1703
78 1125 1024
79 1061 1157
80 1539 424
81 1759 595
82 94 1124
83 1299 1680
84 1120 1258
85 1251 1105
86 147 1941
87 496 948
88 843 1821
89 1304 1384
90 634 1085
91 970 217
92 648 1098
93 1515 1824
94 1364 1389
95 635 675
96 1315 482
97 121 1254
98 548 365
99 1305 1803
100 1487 1999
101 843 692
102 1397 8
103 984 497
104 764 1454
105 688 1948
106 1412 1348
107 1631 1091
108 886 1320
109 159 59
110 1357 199
111 1468 1847
112 698 642
113 491 867
114 586 715
115 704 751
116 349 1996
117 752 579
118 1109 515
119 1497 1515
120 500 1228
121 213 1727
122 402 1032
123 988 1663
124 1148 1448
125 951 279
126 49 53
127 1195 623
128 1122 1254
129 1700 1820
130 1359 1091
131 1918 849
132 702 1544
133 1271 1502
134 617 1001
135 373 1705
136 1125 226
137 1991 160
138 799 835
139 533 777
140 1505 395
141 945 1399
142 1911 1089
143 252 1097
144 353 1664
145 800 582
146 384 15
147 1175 1876
148 923 899
149 1570 799
150 778 257
151 1322 1196
152 1744 664
153 1523 852
154 687 1082
155 170 1886
156 1177 679
157 418 166
158 1352 1491
159 1936 517
160 903 1235
161 112 638
162 1776 1179
163 1953 1360
164 1328 1091
165 353 1350
166 910 1851
167 1763 1918
168 1876 996
169 393 1263
170 1076 1122
171 1789 1791
172 981 681
173 1763 1426
174 1487 584
175 841 1049
176 1132 1803
177 74 189
178 749 365
179 805 1503
180 1773 1499
181 1587 187
182 351 1951
183 1284 1795
184 48 1525
185 765 406
186 1071 1039
187 1900 1705
188 243 1369
189 383 645
190 357 775
191 80 1092
192 320 1408
193 1735 116
194 1120 433
195 243 526
196 1193 1734
197 1288 535
198 1956 1094
199 863 1467
200 1885 1661
201 1682 1424
202 1385 1899
203 740 1736
204 1952 1128
205 1854 866
206 1997 1800
207 621 1906
208 42 566
209 1596 1006
210 547 1064
211 536 84
212 1208 1031
213 320 163
214 289 526
215 1673 361
216 121 1467
217 915 1944
218 1359 1391
219 146 662
220 1895 1408
221 1881 1853
222 781 1166
223 139 1022
224 68 1205
225 1294 1591
226 612 1845
227 182 1618
228 392 1847
229 405 946
230 399 1764
231 1523 1042
232 1705 1325
233 868 860
234 1807 1133
235 375 1661
236 1215 96
237 79 1506
238 1720 221
239 127 215
240 1085 617
241 558 1400
242 403 884
243 1038 1268
244 86 309
245 913 865
246 995 445
247 916 265
248 442 927
249 1880 65
250 1320 1942
251 1348 733
252 1756 263
253 1936 122
254 361 511
255 340 652
256 1065 1744
257 1628 1148
258 1817 1145
259 781 503
260 555 1162
261 1433 1145
262 1580 1615
263 1977 608
264 1635 1985
265 925 1704
266 1723 846
267 1828 910
268 1950 1257
269 711 592
270 1609 1242
271 1835 262
272 1018 850
273 594 1076
274 324 1541
275 1334 452
276 742 463
277 1536 20
278 1773 103
279 985 183
280 1991 522
281 1032 1213
282 1250 605
283 471 457
284 1295 1309
285 1737 1943
286 158 1932
287 1632 1566
288 882 1173
289 1583 1419
290 983 48
291 1699 711
292 1263 997
293 1264 658
294 348 1964
295 1144 1322
296 750 1355
297 1673 895
298 1027 572
299 667 513
300 1895 1669
301 1086 894
302 1099 1477
303 409 1405
304 584 1922
305 1031 1006
306 1811 1631
307 1869 1123
308 592 1836
309 369 1256
310 153 440
311 690 1373
312 958 1877
313 154 1654
314 387 1329
315 391 204
316 1740 215
317 47 1799
318 1486 861
319 1592 358
320 1520 695
321 1867 1305
322 885 44
323 1806 718
324 86 1729
325 1485 524
326 61 1322
327 1144 1508
328 1982 923
329 848 1150
330 801 1838
331 522 502
332 647 114
333 1121 891
334 170 1195
335 776 301
336 1389 389
337 1245 1282
338 58 865
339 493 921
340 246 1677
341 632 557
342 1581 1074
343 1026 984
344 675 684
345 1382 1119
346 175 1483
347 710 1374
348 1828 792
349 1201 1196
350 356 983
351 124 1252
352 872 315
353 1306 1153
354 719 1628
355 621 902
356 79 1801
357 1606 1736
358 1809 335
359 1217 766
360 194 682
361 1853 1894
362 1573 1295
363 777 225
364 659 824
365 1923 800
366 1319 666
367 631 1257
368 1448 1645
369 1722 1483
370 90 577
371 491 1693
372 9 1916
373 1869 199
374 183 658
375 1050 284
376 1812 1225
377 1144 946
378 1676 1769
379 896 15
380 706 1916
381 89 667
382 128 685
383 727 1757
384 626 1706
385 1952 1499
386 96 123
387 142 1255
388 1556 1044
389 927 1994
390 1933 1056
391 17 1597
392 1004 1457
393 1180 55
394 1389 599
395 1440 1454
396 1936 1803
397 860 1416
398 627 868
399 1420 665
400 1374 1063
401 373 90
402 1057 1954
403 1310 57
404 1021 538
405 1109 617
406 1002 633
407 558 1922
408 1828 1864
409 1591 1829
410 1938 1255
411 1854 453
412 1147 266
413 1817 389
414 553 1330
415 527 1011
416 1522 1950
417 378 258
418 1121 1371
419 1118 1204
420 324 1915
421 1423 1809
422 1618 764
423 616 465
424 1566 1026
425 1413 233
426 201 1717
427 815 1875
428 1566 718
429 1695 64
430 1171 90
431 430 1177
432 742 130
433 159 244
434 1336 360
435 115 36
436 287 1468
437 425 615
438 265 1887
439 1323 1300
440 1936 1548
441 855 235
442 1275 1467
443 352 1838
444 743 1876
445 1587 1068
446 220 788
447 1267 12
448 197 1301
449 766 989
450 598 1086
451 1600 1511
452 1702 1933
453 1762 1968
454 312 1951
455 167 1783
456 966 1058
457 324 1426
458 1518 1295
459 1242 804
460 330 1149
461 487 456
462 1714 389
463 420 421
464 858 173
465 1360 404
466 1485 1885
467 1386 1592
468 1795 1134
469 85 1618
470 384 1735
471 268 1881
472 1492 1481
473 707 988
474 483 727
475 1193 1713
476 121 213
477 781 1782
478 1635 684
479 1799 412
480 1650 706
481 74 26
482 410 951
483 1113 335
484 557 603
485 1430 805
486 140 501
487 193 1413
488 613 520
489 975 868
490 546 137
491 427 1357
492 54 1453
493 290 412
494 11 21
495 1590 1331
496 1768 702
497 192 1645
498 844 967
499 1043 1152
500 558 1987
501 1315 1105
502 618 168
503 1786 902
504 943 1320
505 1391 1606
506 377 1360
507 861 688
508 589 1068
509 1969 1465
510 328 1286
511 1146 300
512 475 1857
513 1003 1309
514 567 1908
515 1816 1692
516 851 258
517 1058 1993
518 740 1366
519 1868 477
520 311 445
521 226 1613
522 1925 1151
523 548 388
524 1242 1327
525 496 66
526 1290 1005
527 20 403
528 1072 291
529 827 1335
530 896 799
531 400 476
532 1657 1274
533 1844 309
534 1834 101
535 569 230
536 369 1384
537 418 1357
538 1329 471
539 678 1751
540 369 349
541 1927 1721
542 932 1194
543 1681 1250
544 1243 1647
545 706 1634
546 900 562
547 660 1175
548 1191 1740
549 125 160
550 1912 319
551 1028 404
552 416 913
553 1983 154
554 408 820
555 1485 733
556 817 1088
557 1277 1872
558 278 111
559 1743 1371
560 1615 1626
561 533 1098
562 1679 665
563 1073 1781
564 807 548
565 1411 1600
566 335 1577
567 1890 1146
568 1183 1259
569 1388 801
570 273 1561
571 1756 1155
572 1779 367
573 1865 425
574 1197 957
575 1379 881
576 738 826
577 103 48
578 1840 1384
579 1805 717
580 321 797
581 1366 1792
582 339 1974
583 1766 308
584 673 1546
585 1006 144
586 1607 141
587 251 625
588 1717 336
589 1552 1459
590 639 1065
591 12 1166
592 771 27
593 1628 1041
594 121 1491
595 1546 64
596 124 470
597 72 1764
598 955 361
599 625 837
600 612 1908
601 1602 470
602 931 837
603 1035 1885
604 1094 72
605 1023 1514
606 463 604
607 1969 1563
608 498 137
609 1371 1932
610 1015 1201
611 268 1584
612 1390 1126
613 1223 1770
614 676 1867
615 47 222
616 780 505
617 1790 1421
618 10 888
619 975 1774
620 1509 686
621 12 1301
622 1454 1671
623 1837 946
624 1931 171
625 499 1622
626 202 1793
627 1081 1221
628 893 1526
629 1692 1791
630 683 1223
631 1164 553
632 1408 1838
633 1565 1973
634 401 1984
635 1705 1336
636 1376 16
637 1153 762
638 1340 751
639 1455 1488
640 686 1241
641 815 19
642 1963 789
643 603 313
644 1222 1310
645 1722 1216
646 1532 12
647 1256 1042
648 1471 815
649 436 1303
650 468 1875
651 1328 1903
652 569 1298
653 143 688
654 870 394
655 843 320
656 1828 773
657 159 306
658 987 1492
659 1709 1425
660 1345 1704
661 1091 782
662 911 1225
663 1760 330
664 504 692
665 16 85
666 231 690
667 1955 1880
668 200 1509
669 621 1873
670 1179 1
671 1995 810
672 479 1418
673 282 1968
674 865 827
675 770 1265
676 562 209
677 464 155
678 803 1809
679 192 1138
680 628 1818
681 886 1288
682 1835 1281
683 796 1960
684 688 1923
685 654 294
686 868 1617
687 1706 1438
688 1951 405
689 430 699
690 1499 1614
691 169 1281
692 939 1175
693 85 491
694 470 1293
695 816 258
696 1261 1733
697 1309 1662
698 733 976
699 1132 998
700 356 917
701 1465 1408
702 1652 1314
703 207 1391
704 1097 678
705 1700 801
706 322 1651
707 643 212
708 648 1967
709 1294 1693
710 1946 667
711 615 802
712 532 1622
713 437 651
714 1911 1927
715 559 1994
716 457 586
717 1131 352
718 1743 803
719 1208 1033
720 1424 338
721 1138 1559
722 403 519
723 1897 1886
724 1902 1648
725 1998 1498
726 213 793
727 517 1652
728 1233 1550
729 991 1196
730 1190 268
731 124 463
732 1374 980
733 447 1334
734 927 1886
735 1398 1373
736 1718 1698
737 1401 373
738 1357 1199
739 1442 1343
740 1793 51
741 1691 1286
742 1980 862
743 1408 1065
744 281 616
745 1861 1890
746 108 57
747 1802 195
748 1949 1228
749 287 1230
750 1735 621
751 1629 817
752 1955 1533
753 1132 367
754 1566 1885
755 1573 581
756 844 947
757 1628 395
758 1203 963
759 701 390
760 407 1607
761 263 254
762 1453 429
763 1210 1699
764 1968 888
765 1414 756
766 518 709
767 495 1553
768 1104 272
769 1563 531
770 141 1061
771 397 1973
772 1659 923
773 855 1599
774 933 963
775 1798 1695
776 840 38
777 1747 1945
778 1261 661
779 1583 1235
780 1797 497
781 1868 1629
782 1940 1500
783 625 502
784 1196 1252
785 895 1472
786 1455 1139
787 1547 372
788 339 1984
789 1030 1111
790 194 1200
791 1058 794
792 1090 1471
793 1937 693
794 1278 730
795 936 1198
796 22 1908
797 632 542
798 612 828
799 1952 638
800 950 1030
