700
1 1011 118
2 1196 1095
3 1682 394
4 1111 525
5 1151 1430
6 131 309
7 988 168
8 1505 246
9 1 1233
10 931 185
11 1738 1580
12 1195 640
13 1308 733
14 629 365
15 1517 1671
16 925 1393
17 1198 39
18 1151 1614
19 526 165
20 843 8
21 896 1228
22 687 319
23 1392 4
24 397 35
25 841 259
26 887 1018
27 935 586
28 1635 332
29 355 1144
30 1011 1337
31 722 238
32 147 177
33 1145 1354
34 628 318
35 751 547
36 1042 849
37 75 1638
38 348 1698
39 599 806
40 817 623
41 204 1547
42 1016 1598
43 95 1450
44 296 886
45 815 916
46 1031 199
47 357 42
48 862 391
49 86 1281
50 1590 129
51 1124 1326
52 596 850
53 1488 83
54 487 1350
55 1453 160
56 692 1470
57 33 991
58 1637 393
59 698 573
60 1064 833
61 1460 80
62 1302 541
63 80 559
64 295 1039
65 549 450
66 1369 873
67 120 496
68 497 256
69 1051 406
70 1541 1360
71 1627 1634
72 1591 1671
73 821 231
74 535 1122
75 779 644
76 617 1673
77 1581 205
78 672 384
79 1512 901
80 1653 814
81 411 1200
82 1266 1302
83 110 1563
84 1346 816
85 819 1233
86 1018 496
87 1495 1273
88 1528 127
89 444 614
90 1630 1199
91 1167 1689
92 427 907
93 836 442
94 718 560
95 263 198
96 1039 255
97 1218 1576
98 1017 1733
99 1065 797
100 628 875
101 1160 1366
102 810 596
103 220 372
104 1114 661
105 401 1086
106 177 548
107 1248 1329
108 523 530
109 98 1212
110 1396 51
111 1477 522
112 526 796
113 1052 889
114 1421 572
115 1720 140
116 822 924
117 726 483
118 93 1383
119 1068 644
120 933 970
121 817 133
122 125 326
123 446 565
124 1323 1326
125 1733 1533
126 754 802
127 1344 1393
128 534 693
129 1566 1426
130 456 43
131 868 727
132 149 37
133 1075 1602
134 1276 669
135 411 1707
136 1168 1281
137 1413 794
138 217 647
139 1743 962
140 217 1675
141 152 12
142 465 1725
143 518 1313
144 1331 615
145 1262 1382
146 17 1153
147 797 910
148 645 699
149 641 1668
150 1373 655
151 1426 951
152 392 299
153 654 491
154 1730 985
155 1696 1511
156 770 952
157 124 63
158 1318 971
159 1065 689
160 1461 1669
161 1423 167
162 605 1373
163 502 963
164 295 1097
165 1676 693
166 41 663
167 767 281
168 60 1668
169 780 377
170 722 420
171 1030 498
172 988 895
173 396 397
174 1037 269
175 1271 284
176 431 514
177 635 1684
178 1162 30
179 1057 817
180 1100 960
181 1641 636
182 1687 114
183 227 733
184 1065 1557
185 940 1144
186 1237 877
187 685 986
188 44 1678
189 363 1120
190 521 604
191 1352 901
192 1637 155
193 481 1571
194 515 1304
195 249 1192
196 607 788
197 388 779
198 1241 196
199 111 1681
200 200 273
201 763 1261
202 520 1587
203 336 37
204 1710 1062
205 1490 836
206 381 1053
207 1366 422
208 815 475
209 1538 388
210 812 630
211 731 864
212 1173 1464
213 362 657
214 1091 768
215 292 1705
216 43 18
217 1606 490
218 271 7
219 1114 218
220 859 271
221 703 1674
222 29 716
223 1645 291
224 1557 703
225 24 1096
226 1060 984
227 557 1378
228 969 1108
229 134 629
230 1008 41
231 152 985
232 1239 40
233 1094 1746
234 1058 228
235 1748 656
236 720 339
237 1346 814
238 1265 489
239 47 1578
240 324 781
241 1322 1228
242 962 619
243 607 962
244 1295 1269
245 143 1531
246 178 1267
247 1147 895
248 819 477
249 696 431
250 1494 407
251 805 971
252 18 1267
253 156 58
254 728 1135
255 1671 1039
256 1684 1181
257 1382 1504
258 985 1737
259 1445 971
260 1201 1374
261 615 772
262 918 207
263 1279 1034
264 241 960
265 325 1738
266 845 1368
267 1036 1747
268 660 1204
269 475 188
270 609 578
271 1654 1594
272 580 413
273 1136 697
274 232 1588
275 632 75
276 789 1322
277 636 21
278 874 1463
279 1279 1497
280 1040 1540
281 1186 1270
282 1689 252
283 1305 1323
284 874 855
285 1020 1588
286 916 1162
287 623 151
288 691 1000
289 1248 1581
290 722 711
291 20 34
292 684 1475
293 292 130
294 1343 140
295 92 1355
296 1534 485
297 677 601
298 217 974
299 1624 103
300 1167 1023
301 71 397
302 1710 1452
303 1710 1689
304 598 1600
305 804 528
306 443 214
307 1547 108
308 345 1090
309 1352 1138
310 1255 1582
311 165 30
312 1360 144
313 1353 1132
314 962 1372
315 1494 1446
316 885 795
317 396 1312
318 269 1648
319 858 955
320 1396 62
321 1308 766
322 243 652
323 521 1329
324 769 92
325 1305 717
326 873 1370
327 634 894
328 45 427
329 417 1297
330 1256 1478
331 1668 1511
332 553 1334
333 1719 510
334 762 1151
335 195 116
336 666 201
337 872 704
338 420 228
339 470 724
340 845 1000
341 1717 92
342 1585 593
343 1404 1715
344 1069 117
345 704 766
346 296 1399
347 1121 1119
348 1207 1414
349 146 532
350 499 1075
351 399 671
352 425 850
353 1427 1578
354 1220 624
355 1620 997
356 406 841
357 200 1266
358 1257 1176
359 286 1273
360 1574 121
361 325 531
362 1212 46
363 280 967
364 262 1244
365 1005 813
366 123 659
367 868 1078
368 1673 948
369 1729 226
370 1427 498
371 308 831
372 1040 1083
373 876 807
374 510 1678
375 579 705
376 1043 650
377 821 1586
378 1263 483
379 447 891
380 1567 1242
381 1408 1263
382 587 571
383 1720 1314
384 140 1572
385 846 963
386 1375 372
387 54 398
388 812 370
389 1712 1734
390 263 1261
391 502 105
392 613 1059
393 656 1315
394 1185 1600
395 765 519
396 599 1085
397 482 844
398 1637 1393
399 1450 480
400 355 109
401 788 1543
402 1530 902
403 843 1245
404 1312 507
405 991 644
406 1564 1190
407 1649 937
408 891 759
409 1184 29
410 387 390
411 638 1571
412 675 1575
413 113 723
414 1750 677
415 898 449
416 1272 20
417 1471 405
418 658 1232
419 175 1602
420 1465 1050
421 212 468
422 1457 1593
423 513 118
424 1415 1539
425 739 1322
426 740 1004
427 1200 669
428 197 1304
429 1003 194
430 308 765
431 764 1003
432 1719 1402
433 1071 92
434 1675 771
435 1617 1509
436 285 1647
437 516 183
438 29 633
439 1384 1693
440 1414 1031
441 1168 1056
442 115 776
443 571 145
444 618 313
445 781 618
446 836 1484
447 5 1239
448 1030 530
449 632 635
450 762 1500
451 15 137
452 214 200
453 1084 1210
454 1724 89
455 2 1000
456 1707 619
457 1260 1708
458 633 246
459 364 157
460 1450 1406
461 1222 1507
462 998 1518
463 276 241
464 280 1689
465 442 1648
466 591 470
467 331 89
468 1558 420
469 1689 1015
470 964 1717
471 1013 1052
472 1581 245
473 1063 1579
474 248 454
475 558 757
476 1613 619
477 228 847
478 33 295
479 478 979
480 593 1007
481 149 1119
482 387 579
483 1070 431
484 102 631
485 1111 1258
486 875 488
487 917 215
488 627 1344
489 1561 157
490 107 1333
491 531 1436
492 462 516
493 1672 592
494 1538 1070
495 1271 483
496 1133 1310
497 1018 1436
498 96 1094
499 257 505
500 1108 1140
501 1030 1492
502 1637 1054
503 812 934
504 897 1604
505 781 164
506 287 1565
507 1292 1562
508 1448 647
509 331 1177
510 1518 770
511 853 936
512 330 601
513 1700 222
514 1512 1191
515 1337 816
516 150 379
517 497 1325
518 1075 279
519 1678 171
520 1601 1379
521 1385 1534
522 1245 314
523 931 372
524 786 1677
525 1683 1589
526 177 74
527 832 1582
528 595 516
529 1406 1395
530 684 170
531 1247 867
532 730 1527
533 335 1126
534 1434 86
535 10 1726
536 37 1478
537 13 700
538 967 557
539 946 1593
540 1358 593
541 1590 683
542 1413 105
543 1594 306
544 996 1589
545 7 599
546 779 466
547 372 820
548 775 1730
549 1647 182
550 1674 781
551 24 1184
552 80 706
553 1649 265
554 403 642
555 710 1036
556 952 371
557 523 1488
558 92 1529
559 306 549
560 1697 547
561 900 1039
562 419 681
563 1277 1415
564 860 525
565 129 909
566 1018 96
567 233 529
568 808 628
569 592 1198
570 724 611
571 341 1324
572 552 515
573 692 317
574 1211 1250
575 459 1704
576 127 1183
577 365 226
578 160 616
579 1005 916
580 1715 975
581 780 1318
582 1685 1097
583 896 1571
584 664 253
585 1467 829
586 523 1002
587 61 1037
588 1296 890
589 1447 328
590 1121 757
591 887 129
592 1133 540
593 1628 1435
594 1271 351
595 860 1263
596 868 187
597 331 507
598 926 1000
599 751 1214
600 1052 530
601 1275 307
602 709 756
603 1487 1493
604 613 1236
605 639 1250
606 434 1532
607 210 1578
608 69 94
609 530 943
610 680 1509
611 1257 737
612 1573 1706
613 1575 368
614 314 652
615 1330 315
616 1191 658
617 170 941
618 1589 1550
619 47 780
620 211 999
621 103 970
622 1123 958
623 1229 1067
624 1597 899
625 444 1629
626 914 1428
627 1464 1435
628 722 935
629 848 381
630 257 1005
631 227 771
632 998 963
633 637 580
634 1739 185
635 638 207
636 745 816
637 581 1237
638 1729 643
639 410 364
640 157 222
641 965 393
642 187 1154
643 314 1097
644 353 991
645 607 228
646 1222 508
647 1167 379
648 1340 1340
649 957 787
650 544 1594
651 669 1625
652 833 863
653 901 87
654 1043 690
655 214 1532
656 1214 552
657 1216 1621
658 687 498
659 157 646
660 1366 945
661 119 601
662 1004 387
663 1047 566
664 1649 298
665 53 705
666 1750 1415
667 1252 771
668 267 376
669 967 673
670 491 865
671 266 154
672 301 1294
673 182 1192
674 298 113
675 658 273
676 1539 1671
677 1421 576
678 11 924
679 648 214
680 1045 832
681 262 19
682 1532 531
683 181 1213
684 969 1509
685 3 156
686 460 1538
687 1486 6
688 1240 1318
689 798 994
690 707 1312
691 87 414
692 1598 808
693 694 239
694 1293 1733
695 2 35
696 1543 146
697 823 899
698 1124 97
699 906 955
700 723 1246
