100
1 93 62
2 34 188
3 53 31
4 193 164
5 125 13
6 118 158
7 71 176
8 200 157
9 15 29
10 137 223
11 104 113
12 138 124
13 217 168
14 96 181
15 76 8
16 95 31
17 54 51
18 142 66
19 56 4
20 80 49
21 27 46
22 100 5
23 61 116
24 128 75
25 198 150
26 171 33
27 211 207
28 11 132
29 32 179
30 51 63
31 2 65
32 62 52
33 157 31
34 128 217
35 84 57
36 76 46
37 134 55
38 162 126
39 71 221
40 177 146
41 145 94
42 231 4
43 50 113
44 172 180
45 132 55
46 28 153
47 143 152
48 3 206
49 21 191
50 124 43
51 100 87
52 165 140
53 15 154
54 140 55
55 168 58
56 4 164
57 1 239
58 147 228
59 112 224
60 54 192
61 103 33
62 89 244
63 61 168
64 46 178
65 105 199
66 192 165
67 249 174
68 25 100
69 27 250
70 68 170
71 101 90
72 67 24
73 84 153
74 241 54
75 55 48
76 200 216
77 42 180
78 14 181
79 60 94
80 151 201
81 211 128
82 187 122
83 144 3
84 143 137
85 7 158
86 226 243
87 143 191
88 92 155
89 12 160
90 189 167
91 78 80
92 120 92
93 15 20
94 196 217
95 211 158
96 171 138
97 167 177
98 83 174
99 176 139
100 184 120
