75
1 99 134
2 106 49
3 54 37
4 80 150
5 174 37
6 175 41
7 180 38
8 10 55
9 181 184
10 106 180
11 68 115
12 29 167
13 114 48
14 156 127
15 142 184
16 26 73
17 157 112
18 55 65
19 173 106
20 165 113
21 175 187
22 172 161
23 153 63
24 31 1
25 15 39
26 142 86
27 20 76
28 69 121
29 183 152
30 109 135
31 185 145
32 142 95
33 47 1
34 169 152
35 166 82
36 82 160
37 156 33
38 118 89
39 58 59
40 73 138
41 154 127
42 107 114
43 168 166
44 35 110
45 45 8
46 101 154
47 185 10
48 175 124
49 181 28
50 30 3
51 146 15
52 142 9
53 12 12
54 149 11
55 23 11
56 20 52
57 165 4
58 186 92
59 75 13
60 42 55
61 65 111
62 52 6
63 137 142
64 150 9
65 34 176
66 11 27
67 182 162
68 9 186
69 96 72
70 123 70
71 67 175
72 37 113
73 20 55
74 63 152
75 141 53
