400
1 336 454
2 276 260
3 570 467
4 58 334
5 393 252
6 739 33
7 938 958
8 198 943
9 680 183
10 374 934
11 625 755
12 977 741
13 999 318
14 714 30
15 32 151
16 630 721
17 783 689
18 712 802
19 359 818
20 782 495
21 754 881
22 679 507
23 745 848
24 783 648
25 700 897
26 23 118
27 761 253
28 242 277
29 774 269
30 367 647
31 990 176
32 419 804
33 730 912
34 73 175
35 78 461
36 81 747
37 8 116
38 873 130
39 979 134
40 967 346
41 926 730
42 804 707
43 981 262
44 189 661
45 134 736
46 271 22
47 794 104
48 196 95
49 788 591
50 714 29
51 128 889
52 396 616
53 443 450
54 116 405
55 975 826
56 293 303
57 282 869
58 859 683
59 347 678
60 886 83
61 950 50
62 263 856
63 678 672
64 524 65
65 79 320
66 951 689
67 1 489
68 994 924
69 275 912
70 48 567
71 522 697
72 174 508
73 34 667
74 580 315
75 242 217
76 872 815
77 878 606
78 87 898
79 780 564
80 269 931
81 612 151
82 83 327
83 987 840
84 787 236
85 606 81
86 419 8
87 212 424
88 131 203
89 1000 689
90 474 64
91 114 251
92 905 880
93 656 530
94 714 774
95 866 317
96 291 782
97 541 387
98 645 144
99 278 209
100 86 599
101 240 269
102 318 201
103 22 312
104 820 363
105 820 221
106 865 316
107 655 420
108 960 755
109 90 193
110 949 31
111 892 882
112 738 159
113 714 961
114 811 430
115 867 648
116 254 26
117 470 80
118 623 720
119 258 414
120 10 150
121 776 334
122 829 112
123 766 46
124 989 10
125 123 880
126 663 830
127 915 876
128 116 449
129 136 946
130 499 624
131 66 245
132 272 562
133 346 922
134 343 236
135 346 364
136 925 49
137 131 575
138 639 410
139 698 369
140 128 886
141 130 459
142 634 259
143 835 655
144 25 697
145 579 254
146 817 981
147 981 441
148 98 243
149 461 122
150 820 667
151 203 609
152 921 442
153 827 386
154 730 808
155 678 55
156 275 333
157 894 187
158 25 306
159 229 545
160 160 830
161 568 700
162 100 939
163 148 429
164 183 434
165 341 880
166 217 834
167 992 310
168 247 4
169 23 613
170 847 577
171 349 427
172 298 79
173 676 259
174 518 720
175 521 102
176 692 698
177 116 80
178 813 786
179 596 188
180 42 478
181 819 264
182 906 767
183 306 404
184 239 145
185 415 622
186 487 570
187 492 623
188 110 45
189 538 925
190 943 120
191 984 941
192 814 887
193 634 744
194 964 767
195 848 215
196 146 481
197 918 635
198 975 666
199 821 994
200 719 962
201 703 48
202 102 85
203 908 206
204 494 801
205 601 324
206 180 81
207 629 355
208 301 876
209 762 830
210 202 224
211 890 582
212 695 156
213 636 669
214 888 706
215 957 275
216 709 950
217 600 292
218 962 380
219 757 959
220 851 692
221 378 43
222 613 719
223 888 595
224 965 563
225 442 878
226 896 784
227 802 162
228 767 57
229 793 56
230 103 795
231 635 93
232 959 114
233 330 117
234 233 316
235 205 686
236 311 834
237 258 997
238 540 26
239 342 346
240 338 866
241 285 942
242 417 336
243 907 871
244 188 852
245 984 992
246 685 128
247 32 143
248 358 544
249 79 287
250 642 928
251 876 4
252 213 276
253 477 371
254 604 297
255 591 10
256 920 311
257 537 510
258 285 540
259 666 702
260 143 604
261 657 452
262 829 586
263 393 599
264 607 256
265 113 246
266 331 760
267 831 176
268 173 642
269 859 362
270 571 355
271 98 437
272 660 538
273 2 391
274 767 851
275 544 357
276 808 228
277 803 132
278 626 609
279 585 294
280 546 829
281 170 740
282 677 287
283 664 881
284 526 280
285 417 232
286 894 417
287 668 588
288 428 264
289 382 42
290 233 581
291 764 331
292 479 698
293 854 823
294 724 246
295 815 950
296 620 586
297 242 90
298 261 35
299 130 925
300 584 141
301 847 43
302 642 944
303 936 360
304 114 943
305 893 548
306 323 537
307 458 257
308 758 980
309 871 361
310 998 730
311 260 895
312 815 430
313 315 27
314 132 518
315 710 778
316 595 234
317 548 495
318 485 217
319 925 873
320 709 201
321 301 912
322 125 608
323 48 516
324 28 927
325 661 939
326 556 369
327 963 617
328 649 888
329 386 125
330 150 519
331 667 178
332 384 181
333 200 325
334 104 883
335 592 909
336 972 572
337 200 18
338 937 373
339 623 517
340 561 59
341 859 575
342 717 272
343 686 242
344 894 243
345 165 785
346 110 115
347 480 217
348 159 832
349 170 210
350 98 242
351 634 612
352 163 482
353 635 52
354 987 358
355 861 461
356 374 792
357 567 748
358 411 468
359 665 923
360 300 366
361 931 407
362 474 854
363 716 448
364 361 401
365 969 455
366 75 130
367 979 887
368 997 932
369 323 563
370 318 84
371 341 919
372 776 785
373 463 896
374 904 286
375 832 858
376 673 283
377 366 836
378 50 974
379 174 286
380 259 991
381 23 275
382 456 807
383 318 543
384 145 861
385 198 823
386 817 426
387 453 199
388 483 644
389 659 174
390 937 428
391 794 725
392 66 598
393 732 88
394 778 190
395 483 625
396 562 590
397 972 578
398 158 274
399 690 202
400 637 690
