1000
1 730 306
2 1215 2001
3 41 1896
4 1857 960
5 925 1095
6 238 2484
7 2325 846
8 2050 908
9 2051 903
10 878 775
11 699 2197
12 83 1168
13 2076 83
14 1533 1135
15 1012 295
16 1453 174
17 2079 848
18 1741 1542
19 3 2246
20 491 279
21 2011 850
22 2311 1422
23 1828 2116
24 985 1576
25 419 1295
26 911 1441
27 254 1022
28 84 2116
29 456 1189
30 1557 2298
31 42 347
32 544 1395
33 1486 791
34 2173 946
35 1740 502
36 173 43
37 439 255
38 2134 1501
39 1352 456
40 652 1158
41 1532 362
42 1858 2276
43 1822 85
44 2356 618
45 727 992
46 815 2467
47 285 1432
48 1814 449
49 1050 108
50 2207 2078
51 74 1705
52 848 1457
53 1555 989
54 1583 506
55 2458 571
56 1667 213
57 285 1316
58 659 1473
59 1501 1338
60 982 1840
61 125 1741
62 30 958
63 18 2103
64 764 1291
65 117 945
66 530 1205
67 897 98
68 424 1977
69 2011 1280
70 179 1726
71 434 1464
72 825 781
73 1273 360
74 557 1015
75 624 271
76 227 2310
77 1593 1166
78 89 236
79 1947 1409
80 1994 1688
81 1933 658
82 815 36
83 400 1729
84 1068 2194
85 2193 1242
86 2438 917
87 1676 2360
88 1388 1945
89 834 159
90 584 627
91 30 1076
92 446 346
93 2237 287
94 1649 2274
95 2448 2041
96 1475 1797
97 1320 724
98 1585 395
99 2167 441
100 1045 2182
101 1085 787
102 2271 494
103 524 162
104 1919 244
105 2137 2134
106 765 1906
107 1021 721
108 916 543
109 1165 435
110 149 603
111 1421 261
112 2027 2094
113 1593 2143
114 1501 160
115 2046 990
116 2494 1960
117 185 982
118 2422 329
119 1910 1488
120 2372 555
121 1278 1619
122 397 1952
123 983 1764
124 1420 1146
125 1330 1500
126 1837 948
127 1891 153
128 1965 728
129 65 1060
130 227 1956
131 576 540
132 637 612
133 1742 1777
134 1714 2437
135 2142 1864
136 2242 662
137 2229 681
138 526 1441
139 1072 1834
140 823 1340
141 2054 1532
142 605 1926
143 2275 797
144 496 1580
145 926 1760
146 803 957
147 737 175
148 581 509
149 1119 927
150 1289 1413
151 2408 1246
152 226 475
153 612 1250
154 1189 863
155 496 2194
156 1499 1379
157 1831 1320
158 907 1623
159 2352 2154
160 1089 135
161 2148 1885
162 276 812
163 333 1002
164 1867 1326
165 1395 2119
166 1358 1717
167 757 117
168 1070 2088
169 1903 710
170 840 1878
171 1719 2232
172 2419 1487
173 2139 1769
174 1213 90
175 148 1675
176 627 368
177 478 1102
178 2250 1938
179 76 352
180 2066 785
181 1238 409
182 125 2127
183 2262 107
184 1256 522
185 701 446
186 1446 2040
187 538 2105
188 228 96
189 1112 2221
190 1497 1605
191 295 1351
192 1747 2033
193 1947 615
194 544 1144
195 954 124
196 2490 2484
197 206 2124
198 1815 94
199 319 279
200 2206 982
201 503 204
202 324 1700
203 81 1087
204 553 1738
205 2300 148
206 2083 1603
207 806 2321
208 1895 471
209 450 2467
210 793 1636
211 714 71
212 1109 271
213 2353 1143
214 2399 2389
215 624 218
216 1167 928
217 921 946
218 1166 1621
219 959 134
220 584 875
221 639 1841
222 1196 2177
223 794 2455
224 200 73
225 1135 627
226 87 2151
227 822 1802
228 131 1766
229 1899 1014
230 1451 112
231 2338 692
232 1899 2251
233 290 264
234 1798 1332
235 691 671
236 597 1429
237 768 700
238 1219 2236
239 2215 2272
240 1653 2176
241 686 1909
242 537 327
243 501 995
244 1429 1806
245 2262 1773
246 1694 1719
247 85 76
248 62 1519
249 1014 29
250 1434 2495
251 1936 204
252 1576 1073
253 2467 1417
254 1775 440
255 1202 1822
256 1875 1770
257 593 350
258 37 1756
259 1528 647
260 1635 1574
261 701 1618
262 2317 1844
263 1703 1050
264 1555 2038
265 2284 929
266 1289 683
267 1231 1464
268 1953 2087
269 744 1769
270 1035 2298
271 556 2321
272 1677 1599
273 1418 64
274 1936 1814
275 2271 519
276 808 95
277 8 1833
278 1992 831
279 1420 638
280 1224 529
281 476 1456
282 444 1556
283 2003 2211
284 1744 1623
285 60 1683
286 2421 37
287 2443 1266
288 1186 587
289 137 2367
290 121 149
291 1542 2491
292 808 2363
293 1645 2349
294 272 1229
295 189 2497
296 2214 198
297 2394 741
298 115 913
299 226 1278
300 1981 1306
301 1542 511
302 1437 628
303 1279 1291
304 423 344
305 416 346
306 1289 56
307 2492 1441
308 167 2216
309 410 305
310 1916 1956
311 1669 2018
312 1227 1382
313 626 144
314 1211 2403
315 602 1530
316 2216 1921
317 664 2256
318 2174 1958
319 578 2135
320 1215 816
321 761 300
322 797 922
323 1804 1509
324 2450 2146
325 1784 1201
326 2269 1021
327 445 1323
328 1215 769
329 2474 2100
330 2462 515
331 2369 2220
332 1783 2174
333 1226 1998
334 565 1386
335 999 1705
336 1800 2309
337 2252 378
338 1976 1196
339 2088 2428
340 964 2331
341 1739 1962
342 1124 1317
343 1360 226
344 752 1231
345 2478 1367
346 2419 853
347 1384 336
348 1468 1331
349 1316 2406
350 558 1964
351 1084 179
352 853 1695
353 404 2442
354 2371 1660
355 361 556
356 156 33
357 1462 1746
358 397 2412
359 1574 17
360 1582 1379
361 58 208
362 162 1645
363 206 2359
364 1488 1897
365 746 602
366 734 358
367 2377 208
368 854 1005
369 10 2252
370 2410 5
371 1024 2454
372 2392 1361
373 1630 2229
374 123 1687
375 1286 358
376 815 1839
377 1264 1650
378 667 601
379 1435 552
380 811 1309
381 229 1589
382 1641 2
383 968 260
384 2064 2072
385 2411 2219
386 726 1307
387 1613 1945
388 2324 496
389 950 2389
390 466 1678
391 1198 398
392 2284 801
393 2418 1660
394 730 862
395 1098 2178
396 104 567
397 12 2425
398 1066 796
399 2453 1150
400 1409 2418
401 80 1863
402 633 514
403 1614 2372
404 439 431
405 2499 1956
406 1293 1408
407 1828 2130
408 1536 409
409 1049 790
410 988 170
411 991 1888
412 1431 2469
413 1261 628
414 898 146
415 1907 1075
416 1201 892
417 2128 2119
418 537 592
419 1629 188
420 2044 253
421 1749 328
422 2240 1248
423 2293 562
424 1706 2095
425 809 2109
426 867 591
427 429 1049
428 1302 2344
429 1678 2254
430 1260 45
431 2444 1185
432 1029 1736
433 224 642
434 599 184
435 852 80
436 444 1262
437 471 2116
438 1065 526
439 203 1325
440 689 1687
441 875 1185
442 138 597
443 2317 931
444 10 1557
445 244 24
446 1184 2142
447 230 2194
448 1860 1882
449 965 2046
450 1307 619
451 101 867
452 672 871
453 603 2294
454 1579 468
455 739 1021
456 1681 938
457 736 1279
458 1714 995
459 666 2359
460 994 603
461 1504 2197
462 1153 849
463 1591 329
464 1168 13
465 2064 1694
466 2184 1381
467 159 744
468 1072 348
469 12 1766
470 480 1649
471 350 213
472 816 650
473 85 2071
474 1247 721
475 585 1428
476 2010 2051
477 454 433
478 1893 13
479 1808 118
480 1629 164
481 2439 1
482 1790 2395
483 590 356
484 2167 1193
485 1777 504
486 1859 2262
487 1372 523
488 498 2354
489 2018 2155
490 407 2012
491 1981 925
492 718 1880
493 1534 467
494 776 535
495 1683 188
496 1403 2378
497 2158 789
498 2205 834
499 2484 2314
500 2376 919
501 926 1455
502 1262 981
503 1671 773
504 425 911
505 484 1164
506 2484 1942
507 1739 2293
508 2457 674
509 1870 2451
510 1261 2046
511 1601 332
512 1097 1977
513 40 188
514 42 605
515 2367 1613
516 302 1835
517 1918 2372
518 267 2388
519 1726 208
520 702 2023
521 2434 1210
522 2402 2382
523 2309 1385
524 2388 1652
525 2384 2189
526 1824 955
527 1753 684
528 355 1272
529 445 702
530 148 1499
531 224 1541
532 768 359
533 1716 892
534 843 12
535 1332 657
536 2189 2292
537 167 1815
538 200 2359
539 1706 1933
540 145 2343
541 1029 153
542 1320 2125
543 1814 2387
544 1936 750
545 386 1285
546 555 987
547 548 616
548 836 1856
549 1688 1509
550 1265 697
551 1587 100
552 2276 247
553 432 2461
554 1728 1696
555 1485 433
556 1880 366
557 2500 1677
558 1649 522
559 1092 1067
560 2413 1476
561 1521 21
562 196 222
563 1479 1118
564 405 2082
565 1628 2235
566 2285 1150
567 43 1114
568 1798 1153
569 2327 1789
570 2135 784
571 2311 351
572 748 37
573 1152 2346
574 2353 652
575 584 2343
576 2009 621
577 1249 708
578 2430 1632
579 2138 2338
580 84 1473
581 2411 1129
582 392 2159
583 315 187
584 1637 1214
585 1455 2176
586 2020 1446
587 1056 1142
588 1092 2468
589 847 2334
590 771 841
591 392 736
592 1582 393
593 1605 665
594 2030 1298
595 1263 2228
596 1620 845
597 1556 238
598 1820 2389
599 399 832
600 1956 1497
601 2480 499
602 1766 1994
603 57 2094
604 1095 2390
605 53 860
606 280 2338
607 1132 2075
608 1107 1783
609 1151 1749
610 1148 404
611 1493 1519
612 1080 877
613 1107 17
614 2387 717
615 2274 1385
616 1860 1723
617 1372 517
618 467 768
619 1926 2007
620 2061 574
621 2387 86
622 2259 1478
623 154 713
624 1868 1448
625 691 1290
626 1591 1401
627 2483 1566
628 2413 1831
629 1891 409
630 499 2230
631 764 82
632 2103 975
633 2004 460
634 2150 334
635 391 2437
636 2395 355
637 156 431
638 73 548
639 2418 549
640 1859 1713
641 1833 1022
642 1839 1809
643 1061 2093
644 834 1238
645 776 1412
646 2464 299
647 289 2405
648 727 1029
649 635 2346
650 820 1208
651 2068 534
652 1872 1868
653 537 1950
654 1230 31
655 686 1315
656 162 1023
657 813 788
658 906 1240
659 153 2088
660 767 1844
661 1944 175
662 205 1238
663 868 2261
664 1783 1149
665 811 775
666 2067 2151
667 1731 2111
668 1773 801
669 2277 1674
670 1777 433
671 1740 1927
672 191 329
673 1595 2445
674 2033 575
675 1331 2422
676 1584 1105
677 746 449
678 283 103
679 1107 1304
680 1906 1087
681 1800 147
682 598 1527
683 502 875
684 2430 1691
685 2441 991
686 738 1482
687 1842 1569
688 784 2059
689 1243 72
690 1209 1462
691 302 148
692 142 1560
693 52 2272
694 47 1232
695 1049 1367
696 2144 201
697 1655 1553
698 47 590
699 313 870
700 2045 778
701 1622 1531
702 913 716
703 1687 792
704 282 2160
705 1496 1849
706 2242 1337
707 235 686
708 2131 1119
709 943 1571
710 1850 1061
711 2188 136
712 2250 510
713 4 188
714 450 9
715 2427 1954
716 460 226
717 1731 781
718 778 214
719 2209 1855
720 1243 2111
721 1437 689
722 2171 221
723 1756 2352
724 497 155
725 2247 576
726 429 2008
727 291 1327
728 615 1087
729 436 1199
730 2083 356
731 514 2074
732 1022 2408
733 320 1640
734 724 1374
735 807 1754
736 1554 2099
737 2043 1339
738 363 185
739 815 2284
740 475 1638
741 2140 2191
742 1480 1086
743 2258 1827
744 1320 733
745 2044 1525
746 127 1160
747 2489 1181
748 829 362
749 1574 2125
750 666 2130
751 1720 1786
752 1371 178
753 1032 1758
754 127 148
755 227 2317
756 216 1723
757 22 1224
758 1178 197
759 548 1682
760 852 661
761 1828 1497
762 286 569
763 1750 752
764 481 558
765 1593 1176
766 1220 1105
767 1267 1843
768 545 84
769 1268 2219
770 28 1392
771 2300 2254
772 1229 252
773 349 1855
774 956 1682
775 578 1932
776 222 218
777 2157 720
778 1021 1513
779 1065 1221
780 706 1996
781 1340 2455
782 833 882
783 822 887
784 1070 729
785 658 1183
786 1995 61
787 1238 768
788 1377 1159
789 1815 422
790 2312 2053
791 294 1670
792 426 277
793 2487 1238
794 356 1067
795 1172 2244
796 1677 241
797 2017 491
798 523 1319
799 681 1225
800 176 1962
801 664 1974
802 1859 528
803 145 2053
804 477 1131
805 183 578
806 2104 1270
807 1313 1766
808 1349 1324
809 2183 1049
810 2436 1440
811 1834 976
812 1851 369
813 2112 732
814 648 449
815 1404 367
816 1403 2318
817 93 700
818 339 1660
819 1083 694
820 1238 2396
821 979 771
822 1688 2366
823 2286 1886
824 1465 2453
825 1858 531
826 235 408
827 587 298
828 1438 2433
829 703 1801
830 119 2288
831 19 602
832 1429 1122
833 201 866
834 1947 421
835 1910 1092
836 1756 1551
837 755 1238
838 2328 2461
839 1836 507
840 998 834
841 1785 478
842 1399 299
843 1145 2129
844 1445 2082
845 1822 2084
846 1655 1102
847 2323 1453
848 216 321
849 1301 2247
850 1827 760
851 1852 447
852 1346 483
853 863 172
854 2017 706
855 581 1375
856 985 580
857 2294 2386
858 2072 1445
859 1676 67
860 1090 1992
861 2004 2031
862 1821 1405
863 1481 1706
864 2389 2179
865 1808 819
866 1850 437
867 542 699
868 2033 539
869 1330 594
870 2121 841
871 480 1051
872 1148 1637
873 1389 1120
874 2404 2118
875 1181 1331
876 915 207
877 763 22
878 1946 2403
879 1333 891
880 993 1895
881 1031 295
882 1018 1304
883 466 2070
884 375 748
885 1538 280
886 2159 1792
887 1833 5
888 798 1615
889 1836 968
890 752 1192
891 1182 2469
892 1921 425
893 92 1114
894 899 1267
895 1220 627
896 2256 402
897 1304 1660
898 738 776
899 1450 390
900 300 773
901 990 699
902 1497 2408
903 2176 2078
904 1211 1279
905 521 2160
906 484 74
907 1008 2142
908 341 583
909 1501 2487
910 288 1114
911 1803 51
912 595 225
913 2259 2343
914 716 328
915 1333 422
916 1688 2142
917 2114 1273
918 122 1401
919 483 497
920 311 763
921 436 1146
922 1614 1024
923 2375 1534
924 901 1628
925 2339 1384
926 1265 603
927 1021 2475
928 1453 570
929 1504 746
930 1322 1849
931 1968 876
932 884 2087
933 1553 306
934 1841 575
935 1825 891
936 1761 11
937 650 581
938 298 1004
939 2166 2438
940 864 240
941 480 1563
942 1990 1932
943 2345 1968
944 146 1315
945 43 780
946 912 807
947 2256 1063
948 1367 239
949 1641 1851
950 1374 1702
951 298 1786
952 281 105
953 1470 1778
954 522 1935
955 2315 1845
956 934 2253
957 1573 1819
958 1500 2376
959 318 941
960 201 242
961 2386 1142
962 2328 1532
963 1159 313
964 32 1333
965 705 2187
966 762 2200
967 848 1896
968 1996 942
969 1855 858
970 1392 1021
971 165 302
972 646 923
973 484 2127
974 245 477
975 78 494
976 1008 1979
977 350 949
978 2028 2406
979 115 1272
980 1284 31
981 714 689
982 1253 1890
983 640 33
984 318 371
985 389 1694
986 1853 985
987 1562 629
988 1531 343
989 2315 1769
990 566 264
991 1643 2067
992 390 2103
993 1758 1574
994 1907 709
995 1642 1990
996 1835 575
997 1142 545
998 1899 1093
999 1839 59
1000 883 1380
