125
1 101 79
2 19 67
3 249 32
4 108 203
5 247 291
6 7 183
7 16 208
8 247 255
9 270 14
10 6 26
11 76 303
12 9 199
13 195 61
14 157 60
15 127 7
16 199 113
17 23 232
18 201 38
19 122 260
20 94 39
21 136 7
22 66 217
23 304 5
24 149 108
25 140 295
26 287 12
27 142 26
28 244 83
29 47 137
30 264 32
31 255 207
32 310 293
33 294 44
34 246 217
35 304 264
36 47 124
37 192 104
38 276 280
39 109 59
40 218 29
41 241 142
42 33 292
43 148 97
44 99 105
45 175 92
46 174 269
47 90 310
48 86 34
49 43 203
50 283 259
51 284 168
52 119 29
53 234 156
54 170 138
55 222 193
56 211 47
57 131 230
58 32 189
59 149 271
60 103 310
61 311 39
62 297 296
63 103 29
64 223 158
65 86 255
66 297 14
67 100 13
68 77 203
69 229 244
70 240 242
71 275 101
72 135 124
73 49 202
74 228 304
75 143 137
76 260 24
77 20 97
78 265 57
79 296 57
80 180 259
81 36 312
82 99 55
83 117 257
84 112 164
85 188 141
86 295 308
87 50 113
88 231 49
89 49 252
90 104 64
91 263 142
92 264 119
93 97 54
94 299 108
95 204 28
96 218 211
97 47 127
98 38 256
99 250 17
100 227 207
101 12 110
102 32 14
103 214 288
104 228 129
105 52 26
106 297 97
107 207 174
108 158 42
109 305 73
110 206 280
111 248 92
112 100 49
113 55 139
114 13 263
115 101 80
116 62 68
117 289 280
118 166 32
119 148 173
120 201 92
121 236 153
122 64 115
123 64 67
124 129 285
125 235 240
