900
1 1784 544
2 2233 1142
3 887 1624
4 1273 120
5 485 837
6 1966 767
7 65 552
8 1695 1468
9 1634 1220
10 1407 1767
11 1216 2111
12 1028 1747
13 347 1521
14 682 1005
15 2044 1207
16 1192 342
17 109 1817
18 1361 1286
19 1300 1124
20 2155 969
21 1609 131
22 406 1316
23 897 309
24 1637 44
25 164 429
26 5 1817
27 1355 841
28 1846 1478
29 495 1413
30 269 64
31 1174 1224
32 1050 695
33 1249 147
34 1384 9
35 1818 1166
36 771 741
37 1350 1953
38 239 1476
39 1682 871
40 242 340
41 785 809
42 1841 2190
43 1427 79
44 2172 948
45 1865 472
46 1005 1722
47 2052 1732
48 2215 439
49 146 1066
50 1920 759
51 682 122
52 2088 1749
53 1050 860
54 745 667
55 1186 362
56 2059 564
57 1765 1142
58 1969 2216
59 125 1358
60 2125 162
61 1183 592
62 2232 250
63 1602 1040
64 2031 469
65 318 1411
66 1296 1723
67 2101 1081
68 649 526
69 180 1952
70 1352 1923
71 2085 1531
72 208 560
73 689 422
74 674 897
75 1871 2132
76 717 1445
77 288 909
78 1617 1686
79 2044 1320
80 1096 1089
81 1712 931
82 772 961
83 891 215
84 101 1781
85 1027 1200
86 1465 937
87 567 567
88 2138 1301
89 167 830
90 1026 788
91 27 720
92 1371 594
93 1863 2148
94 1798 1627
95 1580 1931
96 164 648
97 2126 908
98 1922 1769
99 484 1032
100 1231 971
101 487 445
102 738 1688
103 298 2002
104 1998 1618
105 52 464
106 736 1569
107 193 1110
108 2245 2047
109 2056 529
110 1873 1279
111 1390 627
112 852 2221
113 1398 1164
114 73 1811
115 1993 1620
116 1187 2088
117 2228 1049
118 697 1738
119 1579 160
120 379 1584
121 907 856
122 537 1485
123 279 9
124 1987 1122
125 1724 339
126 127 1003
127 467 1068
128 1934 721
129 2138 326
130 1439 773
131 236 1140
132 4 627
133 575 445
134 1131 2053
135 477 1614
136 1896 223
137 680 1082
138 1667 408
139 850 1190
140 1754 1721
141 148 126
142 124 596
143 1541 485
144 965 623
145 690 1067
146 719 584
147 811 1562
148 1692 2166
149 403 2106
150 429 1708
151 1853 996
152 251 976
153 214 2008
154 458 1030
155 1317 1712
156 2035 933
157 1024 1876
158 646 987
159 1114 1193
160 725 1166
161 899 738
162 89 553
163 1220 1441
164 390 2116
165 427 803
166 2082 1432
167 1592 1533
168 1991 1108
169 1058 1348
170 1875 1759
171 1884 2036
172 1823 1920
173 2130 1808
174 50 535
175 259 1723
176 1409 842
177 820 718
178 1051 1327
179 698 2073
180 607 2017
181 737 1349
182 958 1016
183 1807 516
184 1652 387
185 2076 2039
186 1814 1049
187 1732 1891
188 1407 1732
189 1437 41
190 1840 1056
191 402 1741
192 1194 488
193 2040 1639
194 93 2078
195 1653 707
196 1875 1578
197 240 1272
198 217 930
199 1843 873
200 828 2017
201 1979 1803
202 626 812
203 1499 266
204 1084 1506
205 429 1120
206 1558 1340
207 1854 449
208 1901 70
209 1961 1365
210 484 1944
211 881 1369
212 237 629
213 2144 736
214 1812 1014
215 201 1222
216 119 1242
217 2127 1319
218 1292 192
219 1312 1269
220 1726 742
221 604 534
222 917 511
223 576 1844
224 43 2025
225 264 1450
226 159 2108
227 553 419
228 798 270
229 299 101
230 1347 121
231 902 1605
232 224 670
233 1297 1151
234 1407 76
235 761 1733
236 1720 632
237 1606 1015
238 1639 307
239 1637 2217
240 1156 1824
241 2062 1166
242 580 1329
243 759 453
244 2030 1169
245 1089 1140
246 2162 19
247 118 1656
248 2112 1203
249 1491 992
250 2232 2189
251 990 668
252 413 361
253 1183 462
254 1725 390
255 269 1671
256 1471 1098
257 349 928
258 1770 805
259 542 1286
260 707 1754
261 1768 519
262 782 1904
263 885 286
264 1060 417
265 1252 2150
266 1746 1773
267 749 1845
268 318 302
269 987 2012
270 1560 1738
271 1357 930
272 2243 974
273 1918 532
274 767 1736
275 1754 1780
276 723 426
277 2094 935
278 1348 698
279 1018 28
280 2248 2076
281 1983 1284
282 1488 880
283 995 441
284 371 1909
285 1214 1527
286 1232 2002
287 1413 675
288 1633 1775
289 1371 1181
290 897 1397
291 932 1885
292 338 2099
293 1134 1340
294 1600 1675
295 1486 139
296 333 833
297 145 156
298 51 1252
299 2080 2103
300 1059 2071
301 302 1894
302 506 1901
303 720 1099
304 266 1139
305 735 2190
306 2158 1607
307 593 386
308 719 2056
309 336 404
310 1468 128
311 1186 1475
312 966 1135
313 198 565
314 1439 1580
315 447 1149
316 1316 840
317 2216 2193
318 550 508
319 2143 747
320 2090 1056
321 183 1918
322 1132 759
323 1836 2043
324 724 1527
325 1474 1368
326 472 154
327 413 1699
328 55 1902
329 1532 2066
330 822 1903
331 1328 1731
332 713 165
333 1061 749
334 184 255
335 1904 551
336 1297 752
337 943 34
338 398 544
339 249 1037
340 1982 1922
341 941 1368
342 1436 765
343 714 916
344 1547 1362
345 1727 464
346 1435 1701
347 3 675
348 2122 2089
349 217 1930
350 99 1638
351 735 739
352 542 1179
353 1938 1053
354 460 1586
355 1576 466
356 2094 101
357 1773 1851
358 1599 1945
359 737 63
360 1017 470
361 456 41
362 1803 678
363 419 672
364 950 138
365 907 115
366 2001 1882
367 946 1108
368 358 1677
369 221 1511
370 17 179
371 166 217
372 624 372
373 1109 1149
374 1440 1259
375 2117 923
376 1543 1900
377 1585 1353
378 1645 1407
379 2119 382
380 1857 243
381 1859 817
382 754 767
383 1322 93
384 91 2020
385 78 93
386 1958 1572
387 1019 1127
388 1849 522
389 1983 1156
390 756 46
391 1737 2047
392 581 1501
393 238 32
394 484 165
395 1517 511
396 281 1121
397 1659 531
398 2067 483
399 783 1414
400 1915 1589
401 1183 853
402 1796 614
403 1382 1433
404 1575 1526
405 426 1770
406 225 70
407 846 1292
408 869 1069
409 1619 1758
410 1761 666
411 1698 1749
412 1040 196
413 1340 500
414 1408 2042
415 745 960
416 315 54
417 851 374
418 1475 1216
419 1062 404
420 410 2207
421 1452 1746
422 731 379
423 993 1226
424 186 1840
425 921 2031
426 1729 167
427 623 614
428 767 800
429 1675 1834
430 937 1059
431 1368 1096
432 874 557
433 503 1723
434 1733 1473
435 1313 493
436 1265 815
437 973 374
438 661 1717
439 2041 2042
440 2232 651
441 1262 249
442 1888 1525
443 1706 2223
444 303 177
445 1447 440
446 2174 2068
447 1231 744
448 1760 292
449 389 1608
450 658 101
451 1087 1907
452 280 915
453 334 2126
454 1332 1818
455 1620 1368
456 1544 712
457 621 6
458 2224 311
459 605 1632
460 663 1085
461 331 1630
462 459 782
463 579 705
464 598 2245
465 556 933
466 1217 677
467 2094 625
468 2232 1514
469 334 1169
470 593 1065
471 1714 1451
472 475 1741
473 1445 697
474 1095 12
475 1023 753
476 890 1477
477 1731 412
478 1760 273
479 2154 2039
480 514 2207
481 1959 63
482 1242 1124
483 576 626
484 638 1102
485 1198 808
486 585 1647
487 1176 824
488 1426 810
489 1279 1172
490 2247 1538
491 907 1612
492 1786 253
493 1248 625
494 1889 466
495 1087 500
496 1069 913
497 1903 2010
498 236 1099
499 1977 2072
500 1938 220
501 309 1676
502 880 1415
503 935 466
504 427 2037
505 669 1742
506 1689 2008
507 1588 1943
508 1628 718
509 228 1116
510 1983 169
511 60 625
512 94 1687
513 1978 527
514 1321 1383
515 1460 894
516 742 264
517 247 1240
518 2048 2095
519 1148 2193
520 32 1151
521 1684 430
522 2152 266
523 1626 1078
524 704 688
525 654 2008
526 1368 346
527 1354 275
528 21 123
529 4 1554
530 1218 109
531 1967 519
532 2197 1550
533 876 56
534 72 28
535 1570 543
536 644 1103
537 699 1718
538 1954 653
539 1872 838
540 341 766
541 1197 1266
542 1942 1727
543 2222 1095
544 1594 1754
545 799 977
546 255 1500
547 1827 1327
548 1772 1227
549 750 1918
550 2036 1943
551 739 494
552 1267 1173
553 823 2047
554 2174 2135
555 610 200
556 848 2043
557 458 649
558 2146 612
559 1801 105
560 41 1033
561 1910 625
562 2036 1413
563 1709 2078
564 145 672
565 207 49
566 1944 964
567 1765 888
568 745 435
569 2037 452
570 556 2028
571 900 1715
572 1332 1020
573 358 2193
574 101 1840
575 1947 749
576 765 628
577 1672 96
578 122 1441
579 7 1864
580 741 310
581 1814 1824
582 1309 1095
583 1225 1153
584 314 2146
585 900 935
586 935 1319
587 1689 1772
588 352 1009
589 1495 840
590 620 261
591 1763 1459
592 2100 2229
593 1664 1338
594 271 677
595 199 766
596 1670 1404
597 1327 1769
598 511 1923
599 144 2002
600 2038 1853
601 1151 332
602 1377 75
603 270 606
604 1282 942
605 134 457
606 1375 567
607 1248 928
608 2226 2044
609 1242 1056
610 1216 2115
611 487 1488
612 645 444
613 1515 1565
614 1203 976
615 1073 2036
616 473 624
617 1937 185
618 164 1390
619 1328 850
620 1861 950
621 2091 1175
622 319 1709
623 1652 2202
624 1031 1730
625 2146 449
626 321 1260
627 1092 1547
628 356 1848
629 166 346
630 823 1529
631 1939 633
632 1157 2067
633 2137 157
634 826 471
635 2127 118
636 1585 425
637 2231 1125
638 191 772
639 1925 1898
640 2162 1479
641 2136 1517
642 2027 1497
643 665 1799
644 566 515
645 339 745
646 529 1504
647 239 230
648 335 1024
649 1728 1876
650 955 1287
651 293 1727
652 1842 828
653 117 1617
654 844 414
655 492 2062
656 1783 1008
657 2029 1157
658 1476 1561
659 1896 476
660 704 281
661 630 1369
662 1275 2054
663 2025 1013
664 76 2001
665 655 302
666 1621 2155
667 1479 1730
668 767 220
669 971 1337
670 614 1386
671 1592 439
672 2056 265
673 1886 1352
674 358 903
675 1437 1936
676 1833 89
677 1518 2131
678 1018 994
679 1450 1782
680 739 891
681 1630 561
682 1624 703
683 619 1473
684 1950 1217
685 1057 227
686 963 1063
687 2045 1467
688 2139 1654
689 1313 1743
690 893 1242
691 1099 373
692 1958 100
693 946 1308
694 1225 1607
695 1138 1065
696 795 1526
697 243 2071
698 1323 907
699 1764 2208
700 735 182
701 140 1809
702 922 2176
703 261 298
704 1917 1454
705 2044 197
706 1637 59
707 2179 1397
708 1715 994
709 612 335
710 2066 2214
711 2064 296
712 1287 821
713 2020 509
714 283 1754
715 566 1610
716 409 1585
717 2098 675
718 714 1192
719 1320 1931
720 593 1590
721 1702 814
722 367 1715
723 1764 1590
724 114 1858
725 104 933
726 2189 1803
727 200 1761
728 1997 1154
729 152 131
730 475 426
731 528 2076
732 1600 694
733 960 439
734 1674 941
735 742 583
736 1157 1859
737 352 462
738 1183 953
739 2191 1545
740 1885 700
741 1109 16
742 1161 1012
743 351 866
744 1687 347
745 422 1845
746 507 201
747 1361 1072
748 562 1166
749 2045 196
750 267 1928
751 1981 2150
752 1017 877
753 225 1737
754 835 514
755 14 1304
756 1008 854
757 608 1872
758 1428 24
759 1263 2157
760 1732 1438
761 1441 1046
762 1641 805
763 812 10
764 1024 491
765 950 767
766 340 1661
767 1859 1096
768 1366 2011
769 564 1940
770 1036 2124
771 121 1622
772 252 913
773 1130 1762
774 1354 1136
775 1179 1601
776 1262 807
777 1389 402
778 837 654
779 606 417
780 678 392
781 1184 1465
782 2203 316
783 1409 1745
784 163 833
785 462 1888
786 174 2030
787 1597 357
788 1506 2152
789 1422 1604
790 1396 2165
791 980 1205
792 1778 302
793 1064 903
794 1606 1445
795 164 987
796 636 1333
797 1372 572
798 677 92
799 1820 778
800 422 922
801 1784 2237
802 457 1633
803 726 1332
804 124 1763
805 648 695
806 2010 739
807 915 573
808 120 961
809 496 356
810 1142 25
811 719 689
812 1598 981
813 1914 1425
814 173 1335
815 1682 1100
816 1951 1562
817 650 1438
818 931 1367
819 1747 243
820 1426 1728
821 727 1579
822 707 1468
823 723 411
824 2134 1534
825 1936 1640
826 173 559
827 1285 54
828 1581 142
829 1535 2246
830 1666 83
831 1924 1441
832 1722 51
833 677 1046
834 1988 1118
835 1514 1104
836 697 551
837 1183 907
838 2160 416
839 1368 1839
840 430 899
841 917 1081
842 933 1507
843 1349 1160
844 105 1822
845 81 1479
846 2173 833
847 400 1247
848 374 413
849 2188 1782
850 955 482
851 1258 2249
852 991 2102
853 1314 1416
854 2123 140
855 457 520
856 597 596
857 41 986
858 924 929
859 944 1412
860 1446 524
861 840 1323
862 754 579
863 392 1465
864 497 574
865 1566 1436
866 420 1074
867 1383 296
868 164 174
869 206 2065
870 2136 1094
871 759 1384
872 1080 154
873 1748 2214
874 1480 1840
875 1004 800
876 369 2082
877 336 1687
878 936 1530
879 872 2026
880 620 237
881 28 2093
882 2229 824
883 74 316
884 625 1972
885 1779 1302
886 1542 2053
887 668 620
888 547 352
889 389 454
890 1216 1611
891 1402 2041
892 288 1004
893 2187 1051
894 803 966
895 236 747
896 1157 2110
897 665 1015
898 1832 1195
899 1491 1587
900 294 1849
