600
1 1371 1120
2 80 1261
3 311 914
4 1115 390
5 485 254
6 137 805
7 662 680
8 29 1468
9 523 1471
10 330 1059
11 249 679
12 1358 1429
13 335 1186
14 1340 1109
15 916 1198
16 1246 641
17 876 1169
18 1078 737
19 1346 145
20 712 1249
21 1248 725
22 191 454
23 1079 1287
24 794 935
25 786 1353
26 1065 647
27 123 576
28 750 394
29 1316 691
30 1116 1175
31 518 382
32 140 511
33 271 1140
34 1492 904
35 126 71
36 1323 323
37 609 957
38 1372 1478
39 28 1411
40 1062 764
41 1260 377
42 551 908
43 1254 903
44 168 1191
45 1401 1112
46 582 775
47 1021 738
48 1131 1259
49 501 314
50 194 1281
51 1477 1398
52 1212 992
53 1319 1489
54 212 102
55 413 386
56 1063 790
57 913 1412
58 523 986
59 423 1212
60 236 876
61 1475 1400
62 1390 1390
63 885 401
64 343 1135
65 743 846
66 75 1397
67 1091 397
68 1382 1000
69 255 586
70 350 1233
71 895 595
72 673 1417
73 449 748
74 912 375
75 373 707
76 82 953
77 428 1344
78 338 1489
79 229 271
80 1488 1379
81 73 191
82 1164 1265
83 875 154
84 370 1131
85 1134 531
86 939 913
87 620 382
88 331 544
89 798 656
90 1218 222
91 255 546
92 1038 1077
93 1197 94
94 863 631
95 747 1134
96 162 758
97 450 1420
98 1500 61
99 9 686
100 235 1063
101 78 1170
102 132 1219
103 978 1466
104 407 846
105 706 348
106 392 669
107 1245 901
108 611 957
109 996 1292
110 74 768
111 93 1273
112 65 1020
113 1390 991
114 1132 1423
115 943 354
116 764 1362
117 1197 394
118 1340 1268
119 1341 36
120 1034 295
121 714 75
122 44 110
123 609 723
124 5 147
125 996 436
126 813 1363
127 856 540
128 1007 1008
129 778 941
130 128 812
131 1335 926
132 257 1173
133 672 1338
134 1022 380
135 738 308
136 1459 439
137 973 8
138 1314 1389
139 705 470
140 261 857
141 1287 345
142 1433 1428
143 973 402
144 861 1260
145 466 520
146 1063 346
147 1124 1249
148 680 1214
149 550 929
150 1257 1240
151 1291 1017
152 869 1270
153 1309 288
154 574 767
155 1453 723
156 160 70
157 857 689
158 1052 438
159 924 358
160 1305 937
161 1198 935
162 431 1244
163 13 866
164 591 675
165 1000 1334
166 846 28
167 948 744
168 724 62
169 1387 307
170 674 415
171 529 484
172 787 201
173 417 748
174 787 433
175 834 318
176 221 150
177 12 805
178 1100 729
179 1128 1082
180 288 565
181 748 1177
182 1076 20
183 936 1160
184 443 1140
185 1002 1246
186 958 564
187 1221 943
188 1028 226
189 1098 896
190 710 1386
191 1139 10
192 576 875
193 1046 540
194 412 1086
195 365 910
196 132 493
197 62 1090
198 95 1033
199 858 581
200 811 690
201 1024 148
202 881 744
203 1288 103
204 719 745
205 1398 178
206 1321 432
207 330 687
208 809 236
209 624 444
210 342 858
211 604 1128
212 1017 765
213 80 1130
214 674 510
215 489 168
216 76 446
217 54 1465
218 76 585
219 1314 912
220 987 667
221 1441 1388
222 647 163
223 1177 723
224 1200 963
225 1053 235
226 272 141
227 128 352
228 880 977
229 645 446
230 497 467
231 1154 64
232 901 261
233 315 6
234 446 1307
235 964 764
236 164 604
237 1293 1060
238 46 1246
239 467 182
240 1144 1017
241 480 833
242 63 1448
243 1418 770
244 1035 1354
245 1367 1318
246 261 318
247 1358 1334
248 1301 348
249 479 920
250 765 1215
251 198 1148
252 1221 651
253 386 720
254 107 624
255 1373 87
256 893 670
257 746 22
258 189 781
259 833 289
260 449 1078
261 1461 770
262 217 157
263 753 1365
264 929 873
265 1487 127
266 1126 161
267 467 128
268 176 833
269 1131 640
270 1119 728
271 147 903
272 1102 1212
273 546 753
274 756 268
275 1300 536
276 1085 1454
277 84 297
278 839 1337
279 503 482
280 1262 729
281 1096 876
282 1267 1369
283 872 267
284 1357 784
285 912 732
286 111 715
287 920 480
288 230 1062
289 1058 54
290 807 1119
291 1458 156
292 203 552
293 1343 1390
294 1111 613
295 829 691
296 52 1022
297 1353 999
298 133 783
299 638 1448
300 842 676
301 1365 461
302 1489 1208
303 1012 915
304 75 152
305 1402 505
306 1496 1447
307 721 950
308 1361 164
309 382 470
310 1026 457
311 70 1009
312 439 553
313 839 1276
314 1453 1255
315 1142 1061
316 195 1137
317 1291 1222
318 741 699
319 1442 63
320 230 648
321 1120 63
322 731 1377
323 1091 1009
324 1005 94
325 587 857
326 1421 372
327 1280 1077
328 682 713
329 102 1317
330 776 582
331 331 633
332 1204 664
333 867 914
334 771 1135
335 1244 173
336 597 1078
337 64 1237
338 298 927
339 744 1481
340 760 12
341 285 1450
342 333 1123
343 134 137
344 843 303
345 934 1046
346 1172 495
347 631 403
348 345 1317
349 1029 1401
350 1108 1204
351 157 1226
352 1047 984
353 596 361
354 896 278
355 1482 777
356 1067 558
357 298 63
358 386 771
359 1414 1259
360 1218 258
361 947 213
362 443 630
363 1454 902
364 443 1008
365 56 1245
366 1339 304
367 1400 274
368 1278 315
369 993 181
370 148 367
371 472 1421
372 1126 723
373 1205 1006
374 1480 533
375 1193 991
376 561 650
377 1046 1121
378 1430 1402
379 364 342
380 1238 1318
381 119 1086
382 6 647
383 825 199
384 1289 81
385 286 104
386 930 351
387 1310 513
388 1161 1307
389 330 465
390 570 1118
391 1111 435
392 794 795
393 1156 1231
394 368 1064
395 724 531
396 1315 1097
397 275 663
398 160 1255
399 600 3
400 139 247
401 118 867
402 814 1226
403 624 991
404 1486 1260
405 2 964
406 539 1219
407 1270 3
408 291 562
409 1137 730
410 961 931
411 658 718
412 305 367
413 1100 906
414 631 218
415 467 622
416 1185 657
417 1155 535
418 121 1297
419 82 1342
420 72 123
421 1234 119
422 574 127
423 348 397
424 791 1358
425 248 1169
426 1165 1485
427 62 1014
428 1386 922
429 1333 503
430 903 490
431 714 1121
432 1172 287
433 985 307
434 1257 1136
435 385 1367
436 1262 657
437 1393 306
438 454 1314
439 514 1483
440 206 43
441 758 1371
442 260 1483
443 1147 1092
444 1050 170
445 249 771
446 1046 1337
447 1345 1394
448 1454 1100
449 1377 190
450 405 1499
451 556 762
452 1085 582
453 794 224
454 762 1366
455 637 646
456 1052 65
457 537 487
458 524 1470
459 459 1467
460 685 895
461 874 983
462 1158 767
463 1382 1332
464 1229 656
465 1362 823
466 216 560
467 719 137
468 877 1343
469 386 1441
470 83 1108
471 351 323
472 922 208
473 601 483
474 1456 562
475 508 980
476 1327 1385
477 750 779
478 161 126
479 1302 1110
480 689 1265
481 1184 773
482 114 148
483 1096 341
484 411 80
485 882 1180
486 1036 818
487 1381 664
488 78 722
489 326 381
490 11 845
491 1345 672
492 495 1246
493 436 510
494 78 133
495 1157 1435
496 989 575
497 1077 1179
498 229 861
499 1082 1002
500 977 583
501 1416 1229
502 809 391
503 12 165
504 583 1157
505 207 1497
506 981 195
507 284 255
508 1247 919
509 1091 55
510 630 31
511 110 776
512 120 428
513 1412 1015
514 1018 1013
515 538 372
516 216 206
517 221 1038
518 1466 1421
519 443 69
520 1126 889
521 1358 1347
522 1189 1031
523 635 801
524 963 977
525 1248 134
526 1027 1439
527 1281 69
528 51 1292
529 1082 1331
530 981 614
531 200 47
532 53 487
533 1304 527
534 862 203
535 514 1189
536 1120 459
537 765 1006
538 172 1069
539 1411 1335
540 1491 897
541 15 277
542 1187 1125
543 1040 1158
544 640 488
545 1474 238
546 57 1175
547 1235 1424
548 356 1143
549 869 430
550 44 392
551 118 1303
552 391 785
553 1432 999
554 1484 205
555 65 136
556 326 910
557 119 4
558 1310 1206
559 1360 664
560 570 967
561 956 404
562 578 5
563 1304 671
564 273 1320
565 1310 144
566 1051 1327
567 687 602
568 571 101
569 1124 487
570 989 763
571 995 1457
572 349 1016
573 458 947
574 771 220
575 276 439
576 883 528
577 320 985
578 1058 239
579 534 832
580 1425 1301
581 953 263
582 1246 978
583 491 211
584 1300 642
585 896 1251
586 32 771
587 755 482
588 1489 180
589 1391 790
590 69 1022
591 1091 760
592 638 923
593 674 750
594 1128 210
595 1452 1270
596 803 657
597 1303 452
598 167 751
599 1370 221
600 1271 1451
