150
1 132 135
2 274 59
3 180 353
4 8 16
5 164 37
6 315 60
7 179 38
8 80 303
9 83 203
10 368 333
11 335 35
12 116 104
13 149 370
14 178 240
15 131 251
16 101 257
17 199 295
18 103 171
19 118 111
20 277 159
21 126 36
22 253 98
23 258 101
24 275 34
25 87 176
26 233 374
27 170 180
28 319 82
29 329 234
30 354 320
31 367 196
32 277 325
33 178 292
34 1 341
35 256 44
36 62 40
37 132 310
38 250 112
39 62 166
40 367 242
41 359 335
42 115 196
43 320 287
44 228 147
45 300 55
46 191 290
47 203 36
48 193 71
49 126 344
50 367 250
51 297 343
52 41 316
53 70 47
54 327 281
55 370 98
56 223 19
57 230 79
58 19 267
59 305 273
60 278 356
61 91 179
62 273 325
63 246 186
64 192 153
65 18 131
66 252 63
67 326 251
68 312 223
69 14 14
70 115 279
71 212 235
72 38 36
73 327 118
74 29 135
75 348 49
76 268 241
77 123 64
78 179 120
79 335 171
80 215 249
81 291 153
82 176 355
83 361 217
84 300 3
85 113 62
86 64 216
87 30 62
88 282 250
89 328 47
90 17 358
91 369 332
92 332 370
93 23 100
94 166 76
95 303 67
96 303 363
97 106 298
98 349 36
99 128 308
100 80 37
101 27 203
102 112 165
103 217 207
104 164 13
105 158 150
106 133 141
107 62 276
108 11 375
109 311 88
110 371 353
111 374 171
112 168 62
113 44 369
114 252 167
115 247 223
116 293 335
117 232 48
118 179 291
119 133 36
120 141 340
121 128 147
122 344 220
123 60 9
124 146 235
125 251 187
126 161 54
127 364 373
128 211 303
129 23 321
130 208 298
131 231 59
132 258 235
133 146 138
134 296 280
135 94 190
136 111 365
137 55 55
138 257 82
139 352 288
140 96 293
141 82 20
142 289 56
143 188 276
144 365 337
145 258 336
146 216 244
147 234 83
148 366 195
149 191 309
150 113 349
