300
1 69 86
2 90 96
3 716 173
4 437 216
5 299 255
6 545 354
7 720 417
8 182 735
9 702 119
10 310 503
11 651 287
12 314 170
13 581 597
14 614 601
15 413 569
16 150 692
17 552 611
18 127 502
19 365 439
20 222 258
21 102 243
22 238 750
23 247 27
24 7 496
25 601 663
26 413 104
27 750 58
28 654 599
29 645 550
30 448 358
31 271 42
32 191 575
33 239 579
34 444 316
35 400 273
36 450 749
37 186 663
38 696 622
39 539 658
40 600 291
41 128 541
42 553 415
43 611 161
44 15 364
45 558 287
46 510 277
47 541 498
48 450 385
49 6 316
50 662 509
51 193 222
52 365 496
53 521 421
54 686 305
55 409 115
56 505 489
57 140 243
58 416 272
59 498 354
60 10 420
61 657 724
62 418 406
63 251 396
64 610 291
65 370 315
66 355 202
67 210 1
68 291 588
69 487 417
70 348 605
71 43 223
72 395 627
73 615 105
74 442 22
75 437 553
76 319 189
77 39 434
78 348 548
79 21 275
80 75 398
81 321 623
82 373 256
83 348 551
84 98 668
85 361 520
86 142 233
87 601 101
88 394 176
89 510 530
90 356 691
91 339 124
92 739 611
93 332 385
94 129 70
95 261 240
96 725 661
97 559 353
98 105 150
99 546 508
100 523 176
101 75 391
102 717 594
103 413 394
104 316 82
105 260 422
106 670 243
107 325 342
108 228 547
109 597 538
110 212 684
111 682 645
112 159 471
113 671 572
114 307 403
115 104 679
116 734 726
117 355 211
118 156 250
119 91 217
120 714 477
121 694 423
122 663 398
123 672 113
124 658 375
125 240 511
126 554 274
127 494 682
128 186 568
129 729 663
130 440 390
131 104 18
132 719 400
133 719 350
134 80 235
135 16 375
136 424 281
137 100 116
138 412 518
139 192 561
140 301 359
141 684 640
142 192 239
143 334 195
144 543 673
145 54 549
146 579 184
147 419 285
148 736 513
149 18 227
150 59 644
151 86 74
152 747 467
153 8 15
154 426 163
155 16 312
156 183 360
157 95 323
158 432 658
159 485 147
160 660 716
161 569 614
162 340 199
163 687 36
164 695 521
165 325 321
166 468 118
167 683 390
168 71 228
169 287 183
170 544 230
171 256 103
172 379 251
173 660 436
174 604 239
175 315 639
176 491 115
177 733 316
178 654 421
179 276 242
180 680 704
181 514 296
182 621 633
183 100 398
184 692 371
185 583 301
186 224 404
187 677 724
188 604 622
189 316 26
190 44 365
191 641 246
192 455 594
193 187 457
194 357 28
195 153 650
196 697 124
197 152 728
198 335 433
199 419 19
200 299 80
201 344 88
202 364 306
203 505 444
204 331 44
205 79 26
206 353 89
207 544 106
208 629 706
209 509 626
210 446 749
211 259 565
212 671 206
213 659 530
214 171 298
215 311 512
216 251 19
217 713 662
218 547 364
219 588 316
220 103 513
221 49 632
222 641 487
223 536 425
224 100 617
225 145 572
226 560 522
227 720 150
228 253 371
229 662 282
230 211 286
231 7 551
232 223 318
233 11 229
234 508 710
235 161 617
236 507 665
237 564 396
238 75 632
239 529 121
240 736 258
241 634 20
242 234 574
243 741 745
244 391 635
245 405 478
246 113 604
247 648 337
248 145 10
249 219 429
250 197 505
251 229 441
252 636 623
253 700 313
254 463 63
255 317 500
256 686 536
257 229 532
258 264 310
259 114 510
260 62 39
261 551 126
262 300 648
263 564 38
264 551 553
265 600 112
266 361 465
267 524 504
268 147 682
269 331 371
270 81 268
271 140 510
272 536 46
273 255 30
274 418 365
275 134 295
276 428 733
277 647 347
278 256 217
279 460 96
280 352 329
281 160 520
282 189 390
283 695 317
284 168 83
285 470 539
286 350 552
287 14 85
288 37 620
289 153 1
290 153 70
291 162 438
292 598 169
293 477 426
294 180 700
295 6 39
296 737 684
297 33 721
298 359 483
299 190 206
300 440 620
