225
1 39 72
2 478 298
3 57 12
4 150 345
5 477 487
6 389 402
7 474 303
8 382 331
9 69 425
10 163 54
11 47 320
12 528 375
13 161 335
14 39 250
15 123 145
16 227 449
17 449 158
18 328 370
19 243 144
20 214 322
21 255 341
22 148 47
23 521 197
24 395 57
25 414 161
26 547 456
27 183 153
28 420 294
29 338 75
30 504 314
31 325 316
32 459 450
33 298 496
34 379 498
35 64 81
36 52 188
37 489 434
38 413 236
39 105 93
40 326 211
41 505 225
42 382 456
43 476 102
44 388 277
45 196 61
46 125 553
47 225 526
48 50 294
49 268 201
50 285 58
51 417 511
52 314 111
53 307 16
54 44 425
55 520 526
56 320 449
57 120 369
58 495 123
59 474 214
60 532 544
61 560 293
62 223 150
63 166 15
64 116 331
65 60 510
66 410 370
67 496 372
68 50 258
69 520 9
70 423 455
71 89 358
72 426 202
73 283 269
74 525 305
75 221 95
76 76 439
77 367 11
78 520 365
79 45 374
80 290 75
81 338 189
82 440 288
83 494 152
84 415 362
85 496 195
86 103 224
87 62 543
88 302 64
89 453 282
90 307 280
91 113 354
92 341 83
93 329 399
94 219 509
95 253 45
96 414 505
97 124 512
98 217 437
99 134 388
100 231 41
101 562 378
102 463 492
103 521 558
104 502 333
105 232 365
106 412 367
107 275 178
108 151 249
109 346 389
110 96 485
111 299 212
112 406 516
113 473 62
114 559 46
115 251 192
116 406 51
117 468 483
118 41 109
119 404 460
120 121 293
121 221 478
122 132 10
123 285 33
124 303 148
125 185 409
126 175 168
127 170 422
128 81 166
129 291 389
130 324 38
131 339 466
132 122 127
133 372 352
134 72 507
135 308 42
136 448 535
137 39 480
138 554 450
139 27 316
140 505 338
141 282 174
142 510 159
143 103 84
144 161 351
145 203 339
146 438 476
147 429 285
148 418 42
149 206 88
150 226 470
151 243 558
152 439 81
153 168 507
154 354 181
155 370 289
156 148 487
157 94 163
158 136 547
159 32 49
160 41 240
161 46 203
162 194 437
163 130 89
164 311 51
165 377 537
166 5 548
167 140 497
168 413 106
169 251 60
170 189 195
171 526 65
172 112 443
173 550 154
174 209 22
175 297 337
176 490 77
177 457 84
178 462 24
179 35 281
180 208 239
181 514 492
182 474 256
183 28 217
184 137 217
185 90 231
186 323 421
187 45 555
188 493 388
189 125 68
190 250 121
191 37 486
192 252 148
193 502 61
194 148 109
195 471 539
196 391 496
197 191 324
198 423 107
199 250 454
200 290 458
201 411 558
202 342 439
203 237 79
204 154 46
205 379 361
206 541 183
207 386 32
208 413 108
209 481 187
210 210 119
211 388 88
212 141 369
213 124 124
214 514 411
215 192 308
216 96 66
217 263 540
218 497 457
219 548 112
220 318 369
221 214 245
222 225 429
223 254 414
224 259 211
225 10 281
