200
1 298 88
2 300 28
3 302 124
4 145 50
5 308 139
6 337 470
7 238 354
8 298 320
9 29 37
10 312 38
11 187 341
12 92 380
13 342 214
14 35 353
15 42 201
16 30 10
17 279 90
18 277 325
19 130 488
20 155 86
21 187 239
22 430 297
23 489 271
24 109 491
25 269 163
26 469 202
27 19 23
28 121 488
29 434 116
30 192 478
31 462 272
32 215 35
33 461 50
34 133 134
35 425 237
36 195 479
37 235 203
38 56 185
39 416 448
40 349 413
41 340 195
42 471 137
43 336 408
44 15 450
45 361 157
46 272 190
47 214 363
48 125 310
49 8 321
50 331 434
51 216 498
52 42 73
53 424 285
54 394 373
55 262 264
56 280 391
57 274 306
58 165 410
59 451 328
60 202 374
61 408 114
62 148 263
63 438 174
64 452 99
65 82 273
66 42 320
67 291 60
68 47 489
69 103 296
70 48 421
71 448 448
72 62 258
73 104 135
74 21 137
75 35 371
76 294 384
77 184 369
78 180 407
79 321 365
80 478 128
81 483 303
82 364 497
83 106 313
84 392 131
85 394 71
86 324 121
87 243 452
88 219 15
89 90 184
90 414 94
91 472 46
92 99 137
93 138 20
94 140 333
95 54 75
96 223 41
97 331 292
98 66 360
99 254 337
100 269 452
101 344 272
102 327 257
103 484 66
104 58 147
105 309 213
106 77 468
107 442 359
108 460 256
109 37 62
110 198 172
111 298 148
112 359 339
113 155 183
114 250 18
115 200 319
116 293 438
117 496 181
118 106 429
119 474 94
120 369 18
121 457 159
122 245 413
123 418 481
124 224 390
125 50 466
126 410 249
127 324 374
128 134 359
129 80 383
130 159 340
131 499 224
132 347 256
133 144 481
134 85 471
135 499 331
136 358 118
137 332 102
138 390 356
139 437 77
140 62 88
141 244 459
142 361 147
143 178 314
144 296 360
145 87 420
146 123 429
147 478 258
148 420 335
149 408 411
150 104 351
151 169 286
152 481 73
153 364 245
154 304 40
155 427 243
156 148 92
157 403 449
158 312 371
159 346 230
160 460 360
161 300 127
162 341 294
163 259 19
164 46 377
165 122 309
166 378 309
167 364 51
168 155 378
169 439 395
170 215 227
171 230 229
172 487 57
173 48 379
174 246 244
175 291 158
176 355 118
177 112 177
178 387 76
179 498 211
180 66 177
181 32 265
182 264 169
183 86 363
184 82 150
185 219 465
186 409 416
187 421 369
188 79 124
189 145 484
190 390 33
191 229 133
192 432 137
193 199 307
194 493 66
195 1 387
196 304 2
197 338 489
198 374 403
199 218 461
200 164 194
